!!!!!!!!!!!!!!!!!!!!!!!!!!!!!!!!!!!!!!!!!!!!!!!!!!! 
! Data set: #12
! - Auto generated dataset by Cloud Broker Datagen v0.1 
!!!!!!!!!!!!!!!!!!!!!!!!!!!!!!!!!!!!!!!!!!!!!!!!!!!

n_Customers: 20 ! number of customers
n_Services: 24 ! number of services in total
n_Providers: 4 ! number of providers
n_Nodes: 41 ! number of nodes in total (customer, internal and provider nodes)

Symmetric: true! indicates whether or not arc provided in dataset goes both ways

!!!!!!!!!!!!!!!!!!!!!!!!!!!!!!!!!!!!!!!!!!
! Customers, Services and Providers data
!!!!!!!!!!!!!!!!!!!!!!!!!!!!!!!!!!!!!!!!!!

! (c) Revenue from serving customer c
R_Revenue: [2000 1500 1000 1000 1200 2000 1000 1200 1000 1200 2000 800 1200 900 1000 1100 1500 2000 800 1200 ]

! (c) Set of services for customers c
S_ServicesForCustomer:	[
 [1 2 ]
 [3 ]
 [4 ]
 [5 ]
 [6 ]
 [7 8 ]
 [9 ]
 [10 ]
 [11 ]
 [12 ]
 [13 14 ]
 [15 ]
 [16 ]
 [17 ]
 [18 ]
 [19 ]
 [20 ]
 [21 22 ]
 [23 ]
 [24 ]
]

! (s) Required maximum latency for service s [old: from customer to provider (UPLINK)]
G_LatencyReq: [180 120 100 100 100 100 100 100 100 100 100 100 100 120 100 150 100 100 150 100 100 100 100 130 ]

! NOTE: DEPRECATED - no longer used, but kept for now for compatability
! (s) Required maximum latency for service s from provider to customer (DOWNLINK)
G_LatencyReqD: [180 120 100 100 100 100 100 100 100 100 100 100 100 120 100 150 100 100 150 100 100 100 100 130 ]

! (s) Required bandwidth for service s from customer to provider (UPLINK)
B_BandwidthReqUp: [20 10 20 20 20 20 20 20 20 20 20 20 20 20 10 20 5 20 20 10 10 20 15 20 ]

! (s) Required bandwith for service s from provider to customer (DOWNLINK)
B_BandwidthReqDown: [5 10 20 20 10 20 20 5 20 20 10 20 15 20 20 30 20 20 15 10 20 20 20 20 ]

Y_AvailabilityReq: [0.95 0.95 0.95 0.95 0.95 0.95 0.95 0.95 0.95 0.95 0.95 0.95 0.95 0.95 0.95 0.95 0.95 0.95 0.95 0.95 0.95 0.95 0.95 0.95 ]

! (s, p) Price of placing service s at provider p
H_PlacePrice: [
 (1 1) 100 (1 3) 80
 (2 2) 100 (2 4) 80
 (3 2) 100
 (4 1) 100 (4 3) 75
 (5 2) 100 (5 3) 90
 (6 2) 100 (6 4) 80
 (7 1) 100 (7 3) 80
 (8 2) 100 (8 4) 90
 (9 2) 100 (9 4) 75
 (10 1) 100 (10 3) 80
 (11 2) 100 (11 4) 75
 (12 1) 100 (12 3) 80
 (13 2) 100 (13 4) 80
 (14 1) 100 (14 3) 80
 (15 1) 100 (15 3) 75
 (16 2) 100 (16 4) 80
 (17 1) 100 (17 3) 75
 (18 1) 100 (18 3) 100
 (19 2) 100 (19 4) 75
 (20 2) 100 (20 4) 75
 (21 2) 100 (21 4) 75
 (22 1) 100 (22 3) 80
 (23 1) 100 (23 3) 75
 (24 1) 120 (24 3) 90
]

!!!!!!!!!!!!!!!!!!!!!!!!!!!!!!!!!!!!!!!!!!!!!!!!!!
! Network data
!!!!!!!!!!!!!!!!!!!!!!!!!!!!!!!!!!!!!!!!!!!!!!!!!!

!!! arc attributes

! (i,j) Latency for arc between nodes i and j
T_LinkLatency: [
 (2 23) 10 (3 22) 4 (4 22) 7 (5 21) 3 (6 21) 3 (7 26) 5 (8 26) 4 (9 27) 7 (10 27) 5 (16 33) 4 (17 35) 5 (18 35) 2 (19 34) 4 (20 34) 3 (21 25) 5 (22 24) 4 (23 1) 10 (23 24) 10 (24 25) 4 (25 28) 6 (26 25) 4 (27 28) 6 (28 36) 4 (29 24) 10 (29 25) 10 (29 39) 2 (30 29) 60 (30 31) 8 (30 32) 9 (30 37) 5 (31 11) 6 (31 12) 2 (31 32) 3 (32 13) 6 (32 14) 6 (32 33) 4 (33 15) 6 (33 30) 10 (34 37) 4 (35 34) 3 (36 29) 5 (36 38) 7 (37 35) 6 (37 36) 2 (37 40) 4 (37 41) 6 (38 29) 2 (39 36) 3 (40 30) 3 (41 30) 3]

! (i,j) Bandwidth capacity between nodes i and j
F_BandwidthCap: [
 (2 23) 115 (3 22) 81 (4 22) 66 (5 21) 66 (6 21) 113 (7 26) 149 (8 26) 141 (9 27) 117 (10 27) 119 (16 33) 146 (17 35) 89 (18 35) 127 (19 34) 79 (20 34) 80 (21 25) 132 (22 24) 94 (23 1) 71 (23 24) 53 (24 25) 77 (25 28) 68 (26 25) 76 (27 28) 112 (28 36) 132 (29 24) 86 (29 25) 103 (29 39) 99 (30 29) 148 (30 31) 86 (30 32) 121 (30 37) 53 (31 11) 134 (31 12) 123 (31 32) 90 (32 13) 118 (32 14) 130 (32 33) 140 (33 15) 105 (33 30) 127 (34 37) 75 (35 34) 64 (36 29) 98 (36 38) 55 (37 35) 114 (37 36) 75 (37 40) 116 (37 41) 92 (38 29) 149 (39 36) 106 (40 30) 63 (41 30) 62]

! (i,j) Price per unit of used capacity between node i and j
K_CapPrice: [
 (2 23) 1 (3 22) 1 (4 22) 4 (5 21) 1 (6 21) 4 (7 26) 2 (8 26) 2 (9 27) 4 (10 27) 4 (16 33) 1 (17 35) 1 (18 35) 3 (19 34) 4 (20 34) 4 (21 25) 1 (22 24) 3 (23 1) 1 (23 24) 2 (24 25) 3 (25 28) 3 (26 25) 2 (27 28) 4 (28 36) 3 (29 24) 2 (29 25) 1 (29 39) 4 (30 29) 3 (30 31) 1 (30 32) 2 (30 37) 1 (31 11) 4 (31 12) 2 (31 32) 4 (32 13) 2 (32 14) 4 (32 33) 2 (33 15) 4 (33 30) 4 (34 37) 3 (35 34) 3 (36 29) 1 (36 38) 1 (37 35) 2 (37 36) 2 (37 40) 1 (37 41) 2 (38 29) 4 (39 36) 3 (40 30) 3 (41 30) 2]

D_AvailabilityExp: [
 (2 23) 0.9941015518386849 (3 22) 0.9953506342321634 (4 22) 0.9940407191892154 (5 21) 0.9947185072838328 (6 21) 0.9987859375448898 (7 26) 0.9985483334818854 (8 26) 0.9942682412662543 (9 27) 0.998129812600091 (10 27) 0.9910721955890767 (16 33) 0.9966184756089933 (17 35) 0.9942432449106127 (18 35) 0.995085270900745 (19 34) 0.9961624960275367 (20 34) 0.9948042217362671 (21 25) 0.9937799111870117 (22 24) 0.9988915405701846 (23 1) 0.9941711255535484 (23 24) 0.9973876342666336 (24 25) 0.9919187279907055 (25 28) 0.9929588341107591 (26 25) 0.9949784153141081 (27 28) 0.9984242146206088 (28 36) 0.9999841820588335 (29 24) 0.9965077606984414 (29 25) 0.9986112105753273 (29 39) 0.9982462708535604 (30 29) 0.9911074824770912 (30 31) 0.9987765301275067 (30 32) 0.9942879777750931 (30 37) 0.9965764780831523 (31 11) 0.9903283000574448 (31 12) 0.9941968419565819 (31 32) 0.9975560037535616 (32 13) 0.9971049241744913 (32 14) 0.9906630823086016 (32 33) 0.9916380743612535 (33 15) 0.9988543265452609 (33 30) 0.9981528248265386 (34 37) 0.9925764112942852 (35 34) 0.9959183995611965 (36 29) 0.9944188952515833 (36 38) 0.9939033284131438 (37 35) 0.9918774084304459 (37 36) 0.9900736780534498 (37 40) 0.991740753792692 (37 41) 0.9995187609852292 (38 29) 0.9933813642826863 (39 36) 0.999718730689492 (40 30) 0.9905098368716426 (41 30) 0.993062316221185
]

!!! Following data used purely by 'datagen': keep in file to allow easy editing

! X-coordinates of nodes
datagen_x_coords: [470 419 353 306 222 174 125 120 130 129 714 717 713 710 711 711 636 598 546 510 199 329 433 351 239 152 157 220 297 609 687 687 688 538 614 296 612 329 267 586 630 ]

! Y-coordinates of nodes
datagen_y_coords: [53 47 45 45 54 61 176 217 299 350 162 194 235 273 300 347 420 423 421 420 93 79 82 146 204 204 323 305 249 249 198 252 318 378 379 302 303 343 343 215 212 ]
