!!!!!!!!!!!!!!!!!!!!!!!!!!!!!!!!!!!!!!!!!!!!!!!!!!! 
! Data set: #17
! - Auto generated dataset by Cloud Broker Datagen v0.1 
!!!!!!!!!!!!!!!!!!!!!!!!!!!!!!!!!!!!!!!!!!!!!!!!!!!

n_Customers: 40 ! number of customers
n_Services: 80 ! number of services in total
n_Providers: 4 ! number of providers
n_Nodes: 57 ! number of nodes in total (customer, internal and provider nodes)

Symmetric: true! indicates wether or not arc provided in dataset goes both ways

!!!!!!!!!!!!!!!!!!!!!!!!!!!!!!!!!!!!!!!!!!
! Customers, Services and Providers data
!!!!!!!!!!!!!!!!!!!!!!!!!!!!!!!!!!!!!!!!!!

! (c) Revenue from serving customer c
R_Revenue: [3500 2600 2500 6800 3200 3100 5000 3800 4900 4200 6100 9100 6900 2900 3900 4200 8000 4400 2200 2400 4800 4200 2200 2100 3300 5700 2900 2800 1900 5500 2900 1800 1900 8100 3200 2800 5100 3600 3100 8200 ]

! (c) Set of services for customers c
S_ServiceForCustomer:	[
 [1 2 ]
 [3 ]
 [4 ]
 [5 6 7 ]
 [8 ]
 [9 ]
 [10 11 ]
 [12 13 ]
 [14 15 ]
 [16 17 ]
 [18 19 20 ]
 [21 22 23 24 ]
 [25 26 27 ]
 [28 ]
 [29 30 ]
 [31 32 ]
 [33 34 35 ]
 [36 37 ]
 [38 ]
 [39 ]
 [40 41 ]
 [42 43 ]
 [44 ]
 [45 ]
 [46 47 ]
 [48 49 50 ]
 [51 52 ]
 [53 54 ]
 [55 ]
 [56 57 58 ]
 [59 60 ]
 [61 ]
 [62 ]
 [63 64 65 66 ]
 [67 68 ]
 [69 70 ]
 [71 72 ]
 [73 74 ]
 [75 76 ]
 [77 78 79 80 ]
]

! (s) Required maximum latency for service s [old: from customer to provider (UPLINK)]
G_LatencyReq: [200 300 200 200 200 300 400 200 200 200 300 200 300 200 300 200 300 200 300 400 200 300 400 150 200 300 400 200 200 300 200 300 200 300 400 200 300 200 200 200 300 200 300 200 200 200 300 200 300 400 200 300 200 300 200 200 300 400 200 300 200 200 200 300 400 150 200 300 200 300 200 300 200 300 200 300 200 300 400 150 ]

! NOTE: DEPRECATED - no longer used, but kept for now for compatability
! (s) Required maximum latency for service s from provider to customer (DOWNLINK)
G_LatencyReqD: [200 300 200 200 200 300 400 200 200 200 300 200 300 200 300 200 300 200 300 400 200 300 400 150 200 300 400 200 200 300 200 300 200 300 400 200 300 200 200 200 300 200 300 200 200 200 300 200 300 400 200 300 200 300 200 200 300 400 200 300 200 200 200 300 400 150 200 300 200 300 200 300 200 300 200 300 200 300 400 150 ]

! (s) Required bandwidth for service s from customer to provider (UPLINK)
B_BandwidthReq: [30 40 30 30 30 40 30 30 30 30 40 30 40 30 40 30 40 30 40 30 30 40 30 30 30 40 30 30 30 40 30 40 30 40 30 30 40 30 30 30 40 30 40 30 30 30 40 30 40 30 30 40 30 40 30 30 40 30 30 40 30 30 30 40 30 30 30 40 30 40 30 40 30 40 30 40 30 40 30 30 ]

! (s) Required bandwith for service s from provider to customer (DOWNLINK)
B_BandwidthReqD: [30 40 30 30 30 40 30 30 30 30 40 30 40 30 40 30 40 30 40 30 30 40 30 30 30 40 30 30 30 40 30 40 30 40 30 30 40 30 30 30 40 30 40 30 30 30 40 30 40 30 30 40 30 40 30 30 40 30 30 40 30 30 30 40 30 30 30 40 30 40 30 40 30 40 30 40 30 40 30 30 ]

Y_AvailabilityReq: [0.995 0.995 0.995 0.995 0.995 0.995 0.995 0.995 0.995 0.995 0.995 0.995 0.995 0.995 0.995 0.995 0.995 0.995 0.995 0.995 0.995 0.995 0.995 0.995 0.995 0.995 0.995 0.995 0.995 0.995 0.995 0.995 0.995 0.995 0.995 0.995 0.995 0.995 0.995 0.995 0.995 0.995 0.995 0.995 0.995 0.995 0.995 0.995 0.995 0.995 0.995 0.995 0.995 0.995 0.995 0.995 0.995 0.995 0.995 0.995 0.995 0.995 0.995 0.995 0.995 0.995 0.995 0.995 0.995 0.995 0.995 0.995 0.995 0.995 0.995 0.995 0.995 0.995 0.995 0.995 ]

! (s, p) Price of placing service s at provider p
H_PlacePrice: [
 (1 2) 1400 (1 4) 1100
 (2 1) 1400 (2 3) 1100
 (3 1) 1400 (3 3) 1100
 (4 2) 1400 (4 4) 1100
 (5 2) 1400 (5 4) 1100
 (6 1) 1400 (6 3) 1100
 (7 2) 1400 (7 4) 1100

 (9 1) 1400 (9 3) 1100
 (10 1) 1400 (10 3) 1100
 (11 2) 1400 (11 4) 1100
 (12 1) 1400 (12 3) 1100
 (13 2) 1400 (13 4) 1100
 (14 1) 1400 (14 3) 1100
 (15 1) 1400 (15 3) 1100
 (16 1) 1400 (16 3) 1100
 (17 2) 1400 (17 4) 1100
 (18 1) 1400 (18 3) 1100
 (19 1) 1400 (19 3) 1100
 (20 1) 1400 (20 3) 1100
 (21 1) 1400 (21 3) 1100
 (22 2) 1400 (22 4) 1100
 (23 1) 1400 (23 3) 1100
 (24 1) 1400 (24 3) 1100
 (25 2) 1400 (25 4) 1100
 (26 1) 1400 (26 3) 1100
 (27 2) 1400 (27 4) 1100
 (28 2) 1400 (28 4) 1100
 (29 1) 1400 (29 3) 1100
 (30 1) 1400 (30 3) 1100
 (31 1) 1400 (31 3) 1100
 (32 2) 1400 (32 4) 1100
 (33 2) 1400 (33 4) 1100
 (34 2) 1400 (34 4) 1100
 (35 1) 1400 (35 3) 1100
 (36 2) 1400 (36 4) 1100
 (37 1) 1400 (37 3) 1100
 (38 2) 1400 (38 4) 1100
 (39 1) 1400 (39 3) 1100
 (40 1) 1400 (40 3) 1100
 (41 2) 1400 (41 4) 1100
 (42 1) 1400 (42 3) 1100
 (43 2) 1400 (43 4) 1100
 (44 1) 1400 (44 3) 1100
 (45 1) 1400 (45 3) 1100
 (46 1) 1400 (46 3) 1100
 (47 2) 1400 (47 4) 1100
 (48 1) 1400 (48 3) 1100
 (49 2) 1400 (49 4) 1100
 (50 2) 1400 (50 4) 1100
 (51 2) 1400 (51 4) 1100
 (52 1) 1400 (52 3) 1100
 (53 2) 1400 (53 4) 1100
 (54 1) 1400 (54 3) 1100
 (55 1) 1400 (55 3) 1100
 (56 2) 1400 (56 4) 1100
 (57 2) 1400 (57 4) 1100
 (58 1) 1400 (58 3) 1100
 (59 1) 1400 (59 3) 1100
 (60 1) 1400 (60 3) 1100
 (61 2) 1400 (61 4) 1100
 (62 1) 1400 (62 3) 1100
 (63 2) 1400 (63 4) 1100
 (64 1) 1400 (64 3) 1100
 (65 1) 1400 (65 3) 1100
 (66 1) 1400 (66 3) 1100
 (67 1) 1400 (67 3) 1100
 (68 1) 1400 (68 3) 1100
 (69 2) 1400 (69 4) 1100
 (70 1) 1400 (70 3) 1100
 (71 1) 1400 (71 3) 1100
 (72 2) 1400 (72 4) 1100
 (73 2) 1400 (73 4) 1100
 (74 1) 1400 (74 3) 1100
 (75 1) 1400 (75 3) 1100
 (76 1) 1400 (76 3) 1100
 (77 1) 1400 (77 3) 1100
 (78 2) 1400 (78 4) 1100
 (79 1) 1400 (79 3) 1100
 (80 1) 1400 (80 3) 1100
]

!!!!!!!!!!!!!!!!!!!!!!!!!!!!!!!!!!!!!!!!!!!!!!!!!!
! Network data
!!!!!!!!!!!!!!!!!!!!!!!!!!!!!!!!!!!!!!!!!!!!!!!!!!

!!! Own network

! (i,j) Latency for arc between nodes i and j
T_LinkLatency: [
 (1 41) 15 (2 41) 15 (3 41) 15 (4 41) 15 (5 41) 15 (6 41) 15 (7 41) 15 (8 41) 15 (9 41) 15 (10 41) 15 (11 41) 15 (12 41) 15 (13 42) 15 (14 42) 15 (15 42) 15 (16 42) 15 (17 43) 10 (18 43) 10 (19 43) 10 (20 46) 15 (21 46) 15 (22 46) 15 (23 46) 15 (24 47) 20 (25 47) 20 (26 47) 20 (27 53) 15 (28 53) 15 (29 53) 15 (30 53) 15 (31 52) 25 (32 52) 25 (33 52) 25 (34 52) 25 (35 51) 20 (36 51) 20 (37 51) 20 (38 50) 15 (39 50) 15 (40 50) 15 (41 42) 15 (41 44) 25 (42 43) 15 (42 44) 30 (43 44) 20 (44 45) 15 (44 48) 120 (44 56) 25 (44 57) 25 (45 46) 20 (45 47) 25 (45 49) 150 (45 56) 25 (45 57) 25 (46 47) 20 (48 49) 20 (48 50) 20 (48 51) 10 (48 52) 35 (48 53) 30 (48 54) 25 (48 55) 10 (49 50) 20 (49 51) 25 (49 52) 35 (49 53) 30 (49 54) 10 (49 55) 25]

! (i,j) Bandwidth capacity between nodes i and j
F_BandwidthCap: [
 (1 41) 100 (2 41) 100 (3 41) 100 (4 41) 100 (5 41) 100 (6 41) 100 (7 41) 100 (8 41) 100 (9 41) 100 (10 41) 100 (11 41) 100 (12 41) 100 (13 42) 100 (14 42) 100 (15 42) 100 (16 42) 100 (17 43) 100 (18 43) 100 (19 43) 100 (20 46) 100 (21 46) 100 (22 46) 100 (23 46) 100 (24 47) 100 (25 47) 100 (26 47) 100 (27 53) 100 (28 53) 100 (29 53) 100 (30 53) 100 (31 52) 100 (32 52) 100 (33 52) 100 (34 52) 100 (35 51) 100 (36 51) 100 (37 51) 100 (38 50) 100 (39 50) 100 (40 50) 100 (41 42) 200 (41 44) 300 (42 43) 200 (42 44) 300 (43 44) 300 (44 45) 600 (44 48) 600 (44 56) 600 (44 57) 600 (45 46) 300 (45 47) 300 (45 49) 600 (45 56) 300 (45 57) 300 (46 47) 200 (48 49) 600 (48 50) 300 (48 51) 300 (48 52) 300 (48 53) 300 (48 54) 300 (48 55) 300 (49 50) 300 (49 51) 300 (49 52) 300 (49 53) 300 (49 54) 300 (49 55) 300]

! (i,j) Price per unit of used own capacity between node i and j
K_CapPrice: [
 (1 41) 1 (2 41) 1 (3 41) 1 (4 41) 1 (5 41) 1 (6 41) 1 (7 41) 1 (8 41) 1 (9 41) 1 (10 41) 1 (11 41) 1 (12 41) 1 (13 42) 1 (14 42) 1 (15 42) 1 (16 42) 1 (17 43) 1 (18 43) 1 (19 43) 1 (20 46) 1 (21 46) 1 (22 46) 1 (23 46) 1 (24 47) 1 (25 47) 1 (26 47) 1 (27 53) 1 (28 53) 1 (29 53) 1 (30 53) 1 (31 52) 1 (32 52) 1 (33 52) 1 (34 52) 1 (35 51) 1 (36 51) 1 (37 51) 1 (38 50) 1 (39 50) 1 (40 50) 1 (41 42) 1 (41 44) 1 (42 43) 1 (42 44) 1 (43 44) 1 (44 45) 0.5 (44 48) 1.5 (44 56) 0.5 (44 57) 0.5 (45 46) 1 (45 47) 1 (45 49) 1.5 (45 56) 0.5 (45 57) 0.5 (46 47) 1 (48 49) 0.5 (48 50) 1 (48 51) 1 (48 52) 1 (48 53) 1 (48 54) 1 (48 55) 1 (49 50) 1 (49 51) 1 (49 52) 1 (49 53) 1 (49 54) 1 (49 55) 1]

D_AvailabilityExp: [
 (1 41) 0.997 (2 41) 0.998 (3 41) 0.997 (4 41) 0.999 (5 41) 0.995 (6 41) 0.997 (7 41) 0.998 (8 41) 0.9989 (9 41) 0.9956 (10 41) 0.997 (11 41) 0.996 (12 41) 0.998 (13 42) 0.999 (14 42) 0.996 (15 42) 0.9987 (16 42) 0.9975 (17 43) 0.9987 (18 43) 0.9987 (19 43) 0.9967 (20 46) 0.9986 (21 46) 0.9986 (22 46) 0.9989 (23 46) 0.9967 (24 47) 0.9989 (25 47) 0.9997 (26 47) 0.9998 (27 53) 0.9978 (28 53) 0.9998 (29 53) 0.9998 (30 53) 0.9998 (31 52) 0.9987 (32 52) 0.9987 (33 52) 0.9998 (34 52) 0.9987 (35 51) 0.9987 (36 51) 0.9987 (37 51) 0.9998 (38 50) 0.9986 (39 50) 0.9968 (40 50) 0.9986 (41 42) 0.9986 (41 44) 0.9965 (42 43) 0.9976 (42 44) 0.9987 (43 44) 0.9956 (44 45) 0.9976 (44 48) 0.9976 (44 56) 0.9976 (44 57) 0.9978 (45 46) 0.9987 (45 47) 0.9967 (45 49) 0.9987 (45 56) 0.9976 (45 57) 0.9987 (46 47) 0.9987 (48 49) 0.9987 (48 50) 0.9987 (48 51) 0.9987 (48 52) 0.9967 (48 53) 0.9978 (48 54) 0.9998 (48 55) 0.9987 (49 50) 0.9989 (49 51) 0.9976 (49 52) 0.9987 (49 53) 0.9967 (49 54) 0.9957 (49 55) 0.9987]

!!! Leasable network

! (i,j) Price per unit leased capacity between node i and j
L_LeasedPrice: [
]

! (i,j) Latency for leased link between nodes i and j
V_LeaseLatency: [
]

! (i,j) Capacity for leased link between nodes i and j
O_LeasedBandwidthCap:[
]

!!! Following data used purely by 'datagen': keep in file to allow easy editing

! X-coordinates of nodes
datagen_x_coords: [166 178 197 217 241 263 279 277 266 251 237 218 104 108 125 153 60 64 74 115 93 78 78 63 74 88 671 696 702 687 707 713 697 666 633 625 595 629 660 670 199 142 104 163 165 121 99 529 520 637 609 679 668 470 505 181 140 ]

! Y-coordinates of nodes
datagen_y_coords: [60 41 33 29 31 38 53 71 88 103 113 120 133 116 103 103 202 183 165 239 243 258 279 341 310 361 300 287 253 230 359 403 416 405 412 446 451 123 130 152 92 153 198 179 301 278 332 198 338 163 423 373 259 254 253 224 224 ]

