!!!!!!!!!!!!!!! COMMON DATA !!!!!!!!!!!!!!!!!!!!!!!!!!
n_Customers: 2
n_Services: 2
n_Providers: 1
n_Nodes: 7

Symmetric: false

R_Revenue: [1000 1000 ]

S_ServiceForCustomer: [
 [ 1 ]
 [ 2 ]
]

Y_AvailabilityReq: [
0.961 0.961 
]

G_LatencyReq: [100 100 ]

F_BandwidthCap: [ (3 1) 121 (3 2) 86 (4 3) 61 (5 4) 65 (7 5) 141 (6 7) 90 (4 6) 84 (1 3) 121 (2 3) 86 (3 4) 61 (4 5) 65 (5 7) 141 (7 6) 90 (6 4) 84]

C_BackupCost: [ (3 1) 1 (3 2) 1 (4 3) 1 (5 4) 1 (7 5) 1 (6 7) 1 (4 6) 1 (1 3) 1 (2 3) 1 (3 4) 1 (4 5) 1 (5 7) 1 (7 6) 1 (6 4) 1]

!!!!!!!!!!!!!!! GENERATED PATHS DATA !!!!!!!!!!!!!!!!!!!!!!!!!!

n_Paths: 4

K_Paths: [
 (1 1) [1 2 ]
 (2 1) [3 4 ]
]

L_PathsUsingLink: [
 (3 1) [1 2 ]
 (3 2) [3 4 ]
 (4 3) [1 2 3 4 ]
 (5 4) [2 4 ]
 (7 5) [2 4 ]
 (6 7) [1 3 ]
 (4 6) [1 3 ]
 (1 3) [1 2 ]
 (2 3) [3 4 ]
 (3 4) [1 2 3 4 ]
 (4 5) [2 4 ]
 (5 7) [2 4 ]
 (7 6) [1 3 ]
 (6 4) [1 3 ]
]

U_PathBandwidthUsage: [
 (3 1 1)  20 (3 1 2)  20 (3 2 3)  20 (3 2 4)  20 (4 3 1)  20 (4 3 2)  20 (4 3 3)  20 (4 3 4)  20 (5 4 2)  20 (5 4 4)  20 (7 5 2)  20 (7 5 4)  20 (6 7 1)  20 (6 7 3)  20
 (4 6 1)  20 (4 6 3)  20
 (1 3 1)  20 (1 3 2)  20
 (2 3 3)  20 (2 3 4)  20
 (3 4 1)  20 (3 4 2)  20 (3 4 3)  20 (3 4 4)  20
 (4 5 2)  20 (4 5 4)  20
 (5 7 2)  20 (5 7 4)  20
 (7 6 1)  20 (7 6 3)  20 (6 4 1)  20 (6 4 3)  20]

D_PathAvailability: [0.960596 0.960596 0.960596 0.960596 ]

C_PathCost: [260 260 260 260 ]

D_CombinationAvailability: [
 (1 1) 0.960596 (1 2) 0.94148 (2 1) 0.94148 (2 2) 0.960596 (3 3) 0.960596 (3 4) 0.94148 (4 3) 0.94148 (4 4) 0.960596
]

Q_Overlap: [

]

!!!!!!!!!!!!!!! GENERATED MAPPINGS DATA !!!!!!!!!!!!!!!!!!!!!!!!!!

n_Mappings: 4

M_MappingsPerService: [
 (1) [1 2 ]
 (2) [3 4 ]
]

M_PrimaryMappingsPerPath: [
(1) [1 ]
(2) [2 ]
(3) [3 ]
(4) [4 ]
]

M_BackupMappingsPerPath: [
(1) [2 ]
(2) [1 ]
(3) [4 ]
(4) [3 ]
]