!!!!!!!!!!!!!!! COMMON DATA !!!!!!!!!!!!!!!!!!!!!!!!!!
n_Customers: 6
n_Services: 8
n_Providers: 4
n_Nodes: 18

Symmetric: false

R_Revenue: [700 600 1100 500 2500 1600 ]

S_ServiceForCustomer: [
 [ 1 ]
 [ 2 ]
 [ 3 ]
 [ 4 ]
 [ 5 6 ]
 [ 7 8 ]
]

Y_AvailabilityReq: [
0.99 0.999 0.999 0.99 0.99 0.995 0.99 0.995 
]

G_LatencyReq: [75 120 70 60 50 90 120 60 ]

F_BandwidthCap: [ (15 9) 51 (10 15) 149 (8 10) 56 (7 8) 62 (9 7) 73 (10 9) 128 (14 8) 108 (13 14) 71 (7 13) 70 (8 12) 64 (7 11) 68 (12 11) 75 (16 9) 130 (16 10) 65 (12 2) 104 (13 3) 145 (14 4) 96 (11 1) 107 (17 7) 133 (17 8) 101 (12 6) 137 (11 6) 120 (13 5) 111 (14 5) 147 (7 18) 88 (8 18) 132 (9 15) 51 (15 10) 149 (10 8) 56 (8 7) 62 (7 9) 73 (9 10) 128 (8 14) 108 (14 13) 71 (13 7) 70 (12 8) 64 (11 7) 68 (11 12) 75 (9 16) 130 (10 16) 65 (2 12) 104 (3 13) 145 (4 14) 96 (1 11) 107 (7 17) 133 (8 17) 101 (6 12) 137 (6 11) 120 (5 13) 111 (5 14) 147 (18 7) 88 (18 8) 132]

C_BackupCost: [ (15 9) 1 (10 15) 1 (8 10) 1.5 (7 8) 1 (9 7) 1.5 (10 9) 1 (14 8) 0.75 (13 14) 3 (7 13) 1.25 (8 12) 1.25 (7 11) 0.75 (12 11) 1 (16 9) 1 (16 10) 1 (12 2) 0.5 (13 3) 0.5 (14 4) 0.5 (11 1) 0.5 (17 7) 1 (17 8) 1 (12 6) 0.5 (11 6) 0.5 (13 5) 0.5 (14 5) 0.5 (7 18) 1 (8 18) 1 (9 15) 1 (15 10) 1 (10 8) 1.5 (8 7) 1 (7 9) 1.5 (9 10) 1 (8 14) 0.75 (14 13) 3 (13 7) 1.25 (12 8) 1.25 (11 7) 0.75 (11 12) 1 (9 16) 1 (10 16) 1 (2 12) 0.5 (3 13) 0.5 (4 14) 0.5 (1 11) 0.5 (7 17) 1 (8 17) 1 (6 12) 0.5 (6 11) 0.5 (5 13) 0.5 (5 14) 0.5 (18 7) 1 (18 8) 1]

!!!!!!!!!!!!!!! GENERATED PATHS DATA !!!!!!!!!!!!!!!!!!!!!!!!!!

n_Paths: 125

K_Paths: [
 (1 1) [1 ]
 (1 3) [2 3 4 ]
 (2 2) [5 6 7 8 9 10 11 12 13 14 15 16 17 18 19 20 21 22 23 24 ]
 (2 4) [25 26 27 28 29 30 31 32 33 34 35 36 37 38 39 ]
 (3 1) [40 ]
 (3 3) [41 42 43 44 45 ]
 (4 2) []
 (4 4) [46 47 48 ]
 (5 1) []
 (5 3) [49 50 51 ]
 (6 2) [52 53 54 55 56 57 58 59 60 61 ]
 (6 4) [62 63 64 65 66 67 68 69 70 71 72 73 74 ]
 (7 1) [75 76 77 78 79 80 81 82 83 84 85 86 87 88 89 90 91 92 93 94 95 96 97 98 99 100 101 102 ]
 (7 3) [103 104 105 106 107 108 109 110 111 112 113 114 115 116 117 118 119 120 121 122 ]
 (8 2) []
 (8 4) [123 124 125 ]
]

L_PathsUsingLink: [
 (15 9) [12 22 1 17 20 24 40 76 77 78 79 85 86 88 89 93 94 95 97 99 102 ]
 (10 15) [12 22 75 80 81 82 83 84 87 90 91 92 96 98 100 101 17 20 24 ]
 (8 10) [5 7 9 12 16 18 22 23 53 54 55 57 60 75 78 80 82 83 85 89 90 92 93 95 98 99 101 ]
 (7 8) [3 9 16 18 22 28 32 43 55 65 70 80 83 89 95 107 109 8 14 20 27 44 47 58 61 66 68 79 87 94 100 106 112 ]
 (9 7) [1 6 8 10 11 13 14 15 17 19 20 21 24 40 52 56 58 59 61 76 77 79 81 84 86 87 88 91 94 96 97 100 102 ]
 (10 9) [7 16 57 60 78 89 93 95 10 14 19 56 81 84 87 100 ]
 (14 8) [23 34 37 38 39 42 44 45 46 47 50 51 53 54 57 58 60 61 63 64 66 68 69 71 73 74 98 101 115 117 119 121 21 33 36 97 102 114 118 120 122 ]
 (13 14) [23 34 38 42 44 51 54 60 61 64 68 71 74 98 101 115 117 21 33 48 59 67 70 97 102 114 120 ]
 (7 13) [23 34 37 38 39 98 101 115 117 119 121 21 33 36 40 41 43 48 49 52 55 56 59 62 65 67 70 72 97 102 114 118 120 122 ]
 (8 12) [73 74 4 5 7 8 12 13 14 15 20 21 25 27 30 33 36 72 75 78 79 82 85 86 87 88 93 94 97 99 100 102 103 106 108 110 112 114 116 118 120 122 123 ]
 (7 11) [72 1 2 3 6 9 10 11 16 17 18 19 22 23 24 26 28 29 31 32 34 35 37 38 39 73 74 76 77 80 81 83 84 89 90 91 92 95 96 98 101 104 105 107 109 111 113 115 117 119 121 124 125 ]
 (12 11) [6 9 10 16 17 22 23 26 28 31 34 37 73 74 77 83 84 95 96 101 105 109 113 117 121 125 4 72 82 93 94 99 100 102 108 112 116 120 122 ]
 (16 9) [85 99 6 7 8 11 12 13 15 16 21 22 52 57 58 59 60 61 91 96 ]
 (16 10) [91 96 5 9 10 14 17 18 19 20 23 24 53 54 55 56 85 99 ]
 (12 2) [5 6 7 8 9 10 11 12 13 14 15 16 17 18 19 20 21 22 23 24 25 26 27 28 29 30 31 32 33 34 35 36 37 38 39 ]
 (13 3) [40 41 42 43 44 45 ]
 (14 4) [46 47 48 ]
 (11 1) [1 2 3 4 ]
 (17 7) [15 30 69 71 88 2 31 35 41 44 49 92 104 105 106 110 112 114 116 118 120 122 ]
 (17 8) [31 35 92 3 4 15 30 42 43 45 50 51 69 71 88 103 107 108 109 111 113 115 117 119 121 ]
 (12 6) [11 18 19 24 29 32 35 38 39 75 77 78 79 83 84 85 86 87 88 95 96 97 101 103 105 106 109 110 113 114 117 118 121 123 125 ]
 (11 6) [11 18 19 24 29 32 35 38 39 76 80 81 82 89 90 91 92 93 94 98 99 100 102 104 107 108 111 112 115 116 119 120 122 124 ]
 (13 5) [37 39 45 119 121 36 49 51 52 54 55 56 60 61 62 64 65 68 71 72 74 118 122 ]
 (14 5) [36 118 122 37 39 45 50 53 57 58 59 63 66 67 69 70 73 119 121 ]
 (7 18) [26 27 29 30 33 36 47 48 62 66 67 68 69 71 73 74 90 111 113 124 125 13 86 110 116 ]
 (8 18) [13 25 28 31 32 34 35 37 38 39 46 63 64 65 70 72 86 110 116 123 90 111 113 ]
 (9 15) [1 17 20 24 40 76 77 78 79 85 86 88 89 93 94 95 97 99 102 12 22 ]
 (15 10) [17 20 24 12 22 75 80 81 82 83 84 87 90 91 92 96 98 100 101 ]
 (10 8) [5 7 9 12 16 18 22 23 53 54 55 57 60 75 78 80 82 83 85 89 90 92 93 95 98 99 101 ]
 (8 7) [8 14 20 27 44 47 58 61 66 68 79 87 94 100 106 112 3 9 16 18 22 28 32 43 55 65 70 80 83 89 95 107 109 ]
 (7 9) [1 6 8 10 11 13 14 15 17 19 20 21 24 40 52 56 58 59 61 76 77 79 81 84 86 87 88 91 94 96 97 100 102 ]
 (9 10) [10 14 19 56 81 84 87 100 7 16 57 60 78 89 93 95 ]
 (8 14) [21 33 36 97 102 114 118 120 122 23 34 37 38 39 42 44 45 46 47 50 51 53 54 57 58 60 61 63 64 66 68 69 71 73 74 98 101 115 117 119 121 ]
 (14 13) [21 33 48 59 67 70 97 102 114 120 23 34 38 42 44 51 54 60 61 64 68 71 74 98 101 115 117 ]
 (13 7) [21 33 36 40 41 43 48 49 52 55 56 59 62 65 67 70 72 97 102 114 118 120 122 23 34 37 38 39 98 101 115 117 119 121 ]
 (12 8) [4 5 7 8 12 13 14 15 20 21 25 27 30 33 36 72 75 78 79 82 85 86 87 88 93 94 97 99 100 102 103 106 108 110 112 114 116 118 120 122 123 73 74 ]
 (11 7) [1 2 3 6 9 10 11 16 17 18 19 22 23 24 26 28 29 31 32 34 35 37 38 39 73 74 76 77 80 81 83 84 89 90 91 92 95 96 98 101 104 105 107 109 111 113 115 117 119 121 124 125 72 ]
 (11 12) [4 72 82 93 94 99 100 102 108 112 116 120 122 6 9 10 16 17 22 23 26 28 31 34 37 73 74 77 83 84 95 96 101 105 109 113 117 121 125 ]
 (9 16) [6 7 8 11 12 13 15 16 21 22 52 57 58 59 60 61 91 96 85 99 ]
 (10 16) [5 9 10 14 17 18 19 20 23 24 53 54 55 56 85 99 91 96 ]
 (2 12) [5 6 7 8 9 10 11 12 13 14 15 16 17 18 19 20 21 22 23 24 25 26 27 28 29 30 31 32 33 34 35 36 37 38 39 ]
 (3 13) [40 41 42 43 44 45 ]
 (4 14) [46 47 48 ]
 (1 11) [1 2 3 4 ]
 (7 17) [2 31 35 41 44 49 92 104 105 106 110 112 114 116 118 120 122 15 30 69 71 88 ]
 (8 17) [3 4 15 30 42 43 45 50 51 69 71 88 103 107 108 109 111 113 115 117 119 121 31 35 92 ]
 (6 12) [75 77 78 79 83 84 85 86 87 88 95 96 97 101 103 105 106 109 110 113 114 117 118 121 123 125 11 18 19 24 29 32 35 38 39 ]
 (6 11) [11 18 19 24 29 32 35 38 39 76 80 81 82 89 90 91 92 93 94 98 99 100 102 104 107 108 111 112 115 116 119 120 122 124 ]
 (5 13) [36 49 51 52 54 55 56 60 61 62 64 65 68 71 72 74 118 122 37 39 45 119 121 ]
 (5 14) [37 39 45 50 53 57 58 59 63 66 67 69 70 73 119 121 36 118 122 ]
 (18 7) [13 86 110 116 26 27 29 30 33 36 47 48 62 66 67 68 69 71 73 74 90 111 113 124 125 ]
 (18 8) [90 111 113 13 25 28 31 32 34 35 37 38 39 46 63 64 65 70 72 86 110 116 123 ]
]

U_PathBandwidthUsage: [
 (15 9 12)  13 (15 9 22)  13 (15 9 1)  10 (15 9 17)  3 (15 9 20)  3 (15 9 24)  3 (15 9 40)  30 (15 9 76)  12 (15 9 77)  12 (15 9 78)  12 (15 9 79)  12 (15 9 85)  12 (15 9 86)  12 (15 9 88)  12 (15 9 89)  12 (15 9 93)  12 (15 9 94)  12 (15 9 95)  12 (15 9 97)  12 (15 9 99)  12 (15 9 102)  12
 (10 15 12)  13 (10 15 22)  13 (10 15 75)  12 (10 15 80)  12 (10 15 81)  12 (10 15 82)  12 (10 15 83)  12 (10 15 84)  12 (10 15 87)  12 (10 15 90)  12 (10 15 91)  12 (10 15 92)  12 (10 15 96)  12 (10 15 98)  12 (10 15 100)  12 (10 15 101)  12 (10 15 17)  3 (10 15 20)  3 (10 15 24)  3
 (8 10 5)  13 (8 10 7)  13 (8 10 9)  13 (8 10 12)  13 (8 10 16)  13 (8 10 18)  13 (8 10 22)  13 (8 10 23)  13 (8 10 53)  35 (8 10 54)  35 (8 10 55)  35 (8 10 57)  35 (8 10 60)  35 (8 10 75)  12 (8 10 78)  12 (8 10 80)  12 (8 10 82)  12 (8 10 83)  12 (8 10 85)  12 (8 10 89)  12 (8 10 90)  12 (8 10 92)  12 (8 10 93)  12 (8 10 95)  12 (8 10 98)  12 (8 10 99)  12 (8 10 101)  12
 (7 8 3)  10 (7 8 9)  13 (7 8 16)  13 (7 8 18)  13 (7 8 22)  13 (7 8 28)  13 (7 8 32)  13 (7 8 43)  30 (7 8 55)  35 (7 8 65)  35 (7 8 70)  35 (7 8 80)  12 (7 8 83)  12 (7 8 89)  12 (7 8 95)  12 (7 8 107)  12 (7 8 109)  12 (7 8 8)  3 (7 8 14)  3 (7 8 20)  3 (7 8 27)  3 (7 8 44)  30 (7 8 47)  2 (7 8 58)  5 (7 8 61)  5 (7 8 66)  5 (7 8 68)  5 (7 8 79)  12 (7 8 87)  12 (7 8 94)  12 (7 8 100)  12 (7 8 106)  12 (7 8 112)  12
 (9 7 1)  10 (9 7 6)  3 (9 7 8)  3 (9 7 10)  3 (9 7 11)  3 (9 7 13)  3 (9 7 14)  3 (9 7 15)  3 (9 7 17)  3 (9 7 19)  3 (9 7 20)  3 (9 7 21)  3 (9 7 24)  3 (9 7 40)  30 (9 7 52)  5 (9 7 56)  5 (9 7 58)  5 (9 7 59)  5 (9 7 61)  5 (9 7 76)  12 (9 7 77)  12 (9 7 79)  12 (9 7 81)  12 (9 7 84)  12 (9 7 86)  12 (9 7 87)  12 (9 7 88)  12 (9 7 91)  12 (9 7 94)  12 (9 7 96)  12 (9 7 97)  12 (9 7 100)  12 (9 7 102)  12 (10 9 7)  13 (10 9 16)  13 (10 9 57)  35 (10 9 60)  35 (10 9 78)  12 (10 9 89)  12 (10 9 93)  12 (10 9 95)  12 (10 9 10)  3 (10 9 14)  3 (10 9 19)  3 (10 9 56)  5 (10 9 81)  12 (10 9 84)  12 (10 9 87)  12 (10 9 100)  12
 (14 8 23)  13 (14 8 34)  13 (14 8 37)  13 (14 8 38)  13 (14 8 39)  13 (14 8 42)  30 (14 8 44)  30 (14 8 45)  30 (14 8 46)  12 (14 8 47)  12 (14 8 50)  35 (14 8 51)  35 (14 8 53)  35 (14 8 54)  35 (14 8 57)  35 (14 8 58)  35 (14 8 60)  35 (14 8 61)  35 (14 8 63)  35 (14 8 64)  35 (14 8 66)  35 (14 8 68)  35 (14 8 69)  35 (14 8 71)  35 (14 8 73)  35 (14 8 74)  35 (14 8 98)  12 (14 8 101)  12 (14 8 115)  12 (14 8 117)  12 (14 8 119)  12 (14 8 121)  12 (14 8 21)  3 (14 8 33)  3 (14 8 36)  3 (14 8 97)  12 (14 8 102)  12 (14 8 114)  12 (14 8 118)  12 (14 8 120)  12 (14 8 122)  12
 (13 14 23)  13 (13 14 34)  13 (13 14 38)  13 (13 14 42)  30 (13 14 44)  30 (13 14 51)  35 (13 14 54)  35 (13 14 60)  35 (13 14 61)  35 (13 14 64)  35 (13 14 68)  35 (13 14 71)  35 (13 14 74)  35 (13 14 98)  12 (13 14 101)  12 (13 14 115)  12 (13 14 117)  12 (13 14 21)  3 (13 14 33)  3 (13 14 48)  2 (13 14 59)  5 (13 14 67)  5 (13 14 70)  5 (13 14 97)  12 (13 14 102)  12 (13 14 114)  12 (13 14 120)  12
 (7 13 23)  13 (7 13 34)  13 (7 13 37)  13 (7 13 38)  13 (7 13 39)  13 (7 13 98)  12 (7 13 101)  12 (7 13 115)  12 (7 13 117)  12 (7 13 119)  12 (7 13 121)  12 (7 13 21)  3 (7 13 33)  3 (7 13 36)  3 (7 13 40)  30 (7 13 41)  30 (7 13 43)  30 (7 13 48)  2 (7 13 49)  35 (7 13 52)  5 (7 13 55)  5 (7 13 56)  5 (7 13 59)  5 (7 13 62)  5 (7 13 65)  5 (7 13 67)  5 (7 13 70)  5 (7 13 72)  5 (7 13 97)  12 (7 13 102)  12 (7 13 114)  12 (7 13 118)  12 (7 13 120)  12 (7 13 122)  12
 (8 12 73)  35 (8 12 74)  35 (8 12 4)  10 (8 12 5)  3 (8 12 7)  3 (8 12 8)  3 (8 12 12)  3 (8 12 13)  3 (8 12 14)  3 (8 12 15)  3 (8 12 20)  3 (8 12 21)  3 (8 12 25)  3 (8 12 27)  3 (8 12 30)  3 (8 12 33)  3 (8 12 36)  3 (8 12 72)  5 (8 12 75)  12 (8 12 78)  12 (8 12 79)  12 (8 12 82)  12 (8 12 85)  12 (8 12 86)  12 (8 12 87)  12 (8 12 88)  12 (8 12 93)  12 (8 12 94)  12 (8 12 97)  12 (8 12 99)  12 (8 12 100)  12 (8 12 102)  12 (8 12 103)  12 (8 12 106)  12 (8 12 108)  12 (8 12 110)  12 (8 12 112)  12 (8 12 114)  12 (8 12 116)  12 (8 12 118)  12 (8 12 120)  12 (8 12 122)  12 (8 12 123)  4
 (7 11 72)  35 (7 11 1)  10 (7 11 2)  10 (7 11 3)  10 (7 11 6)  3 (7 11 9)  3 (7 11 10)  3 (7 11 11)  3 (7 11 16)  3 (7 11 17)  3 (7 11 18)  3 (7 11 19)  3 (7 11 22)  3 (7 11 23)  3 (7 11 24)  3 (7 11 26)  3 (7 11 28)  3 (7 11 29)  3 (7 11 31)  3 (7 11 32)  3 (7 11 34)  3 (7 11 35)  3 (7 11 37)  3 (7 11 38)  3 (7 11 39)  3 (7 11 73)  5 (7 11 74)  5 (7 11 76)  12 (7 11 77)  12 (7 11 80)  12 (7 11 81)  12 (7 11 83)  12 (7 11 84)  12 (7 11 89)  12 (7 11 90)  12 (7 11 91)  12 (7 11 92)  12 (7 11 95)  12 (7 11 96)  12 (7 11 98)  12 (7 11 101)  12 (7 11 104)  12 (7 11 105)  12 (7 11 107)  12 (7 11 109)  12 (7 11 111)  12 (7 11 113)  12 (7 11 115)  12 (7 11 117)  12 (7 11 119)  12 (7 11 121)  12 (7 11 124)  4 (7 11 125)  4
 (12 11 6)  13 (12 11 9)  13 (12 11 10)  13 (12 11 16)  13 (12 11 17)  13 (12 11 22)  13 (12 11 23)  13 (12 11 26)  13 (12 11 28)  13 (12 11 31)  13 (12 11 34)  13 (12 11 37)  13 (12 11 73)  35 (12 11 74)  35 (12 11 77)  12 (12 11 83)  12 (12 11 84)  12 (12 11 95)  12 (12 11 96)  12 (12 11 101)  12 (12 11 105)  12 (12 11 109)  12 (12 11 113)  12 (12 11 117)  12 (12 11 121)  12 (12 11 125)  22 (12 11 4)  10 (12 11 72)  5 (12 11 82)  12 (12 11 93)  12 (12 11 94)  12 (12 11 99)  12 (12 11 100)  12 (12 11 102)  12 (12 11 108)  12 (12 11 112)  12 (12 11 116)  12 (12 11 120)  12 (12 11 122)  12
 (16 9 85)  12 (16 9 99)  12 (16 9 6)  3 (16 9 7)  3 (16 9 8)  3 (16 9 11)  3 (16 9 12)  3 (16 9 13)  3 (16 9 15)  3 (16 9 16)  3 (16 9 21)  3 (16 9 22)  3 (16 9 52)  5 (16 9 57)  5 (16 9 58)  5 (16 9 59)  5 (16 9 60)  5 (16 9 61)  5 (16 9 91)  12 (16 9 96)  12
 (16 10 91)  12 (16 10 96)  12 (16 10 5)  3 (16 10 9)  3 (16 10 10)  3 (16 10 14)  3 (16 10 17)  3 (16 10 18)  3 (16 10 19)  3 (16 10 20)  3 (16 10 23)  3 (16 10 24)  3 (16 10 53)  5 (16 10 54)  5 (16 10 55)  5 (16 10 56)  5 (16 10 85)  12 (16 10 99)  12
 (12 2 5)  3 (12 2 6)  3 (12 2 7)  3 (12 2 8)  3 (12 2 9)  3 (12 2 10)  3 (12 2 11)  3 (12 2 12)  3 (12 2 13)  3 (12 2 14)  3 (12 2 15)  3 (12 2 16)  3 (12 2 17)  3 (12 2 18)  3 (12 2 19)  3 (12 2 20)  3 (12 2 21)  3 (12 2 22)  3 (12 2 23)  3 (12 2 24)  3 (12 2 25)  3 (12 2 26)  3 (12 2 27)  3 (12 2 28)  3 (12 2 29)  3 (12 2 30)  3 (12 2 31)  3 (12 2 32)  3 (12 2 33)  3 (12 2 34)  3 (12 2 35)  3 (12 2 36)  3 (12 2 37)  3 (12 2 38)  3 (12 2 39)  3 (13 3 40)  30 (13 3 41)  30 (13 3 42)  30 (13 3 43)  30 (13 3 44)  30 (13 3 45)  30 (14 4 46)  2 (14 4 47)  2 (14 4 48)  2 (11 1 1)  10 (11 1 2)  10 (11 1 3)  10 (11 1 4)  10 (17 7 15)  13 (17 7 30)  13 (17 7 69)  35 (17 7 71)  35 (17 7 88)  12 (17 7 2)  10 (17 7 31)  3 (17 7 35)  3 (17 7 41)  30 (17 7 44)  30 (17 7 49)  35 (17 7 92)  12 (17 7 104)  12 (17 7 105)  12 (17 7 106)  12 (17 7 110)  12 (17 7 112)  12 (17 7 114)  12 (17 7 116)  12 (17 7 118)  12 (17 7 120)  12 (17 7 122)  12
 (17 8 31)  13 (17 8 35)  13 (17 8 92)  12 (17 8 3)  10 (17 8 4)  10 (17 8 15)  3 (17 8 30)  3 (17 8 42)  30 (17 8 43)  30 (17 8 45)  30 (17 8 50)  35 (17 8 51)  35 (17 8 69)  5 (17 8 71)  5 (17 8 88)  12 (17 8 103)  12 (17 8 107)  12 (17 8 108)  12 (17 8 109)  12 (17 8 111)  12 (17 8 113)  12 (17 8 115)  12 (17 8 117)  12 (17 8 119)  12 (17 8 121)  12
 (12 6 11)  13 (12 6 18)  13 (12 6 19)  13 (12 6 24)  13 (12 6 29)  13 (12 6 32)  13 (12 6 35)  13 (12 6 38)  13 (12 6 39)  13 (12 6 75)  12 (12 6 77)  12 (12 6 78)  12 (12 6 79)  12 (12 6 83)  12 (12 6 84)  12 (12 6 85)  12 (12 6 86)  12 (12 6 87)  12 (12 6 88)  12 (12 6 95)  12 (12 6 96)  12 (12 6 97)  12 (12 6 101)  12 (12 6 103)  12 (12 6 105)  12 (12 6 106)  12 (12 6 109)  12 (12 6 110)  12 (12 6 113)  12 (12 6 114)  12 (12 6 117)  12 (12 6 118)  12 (12 6 121)  12 (12 6 123)  4 (12 6 125)  4
 (11 6 11)  3 (11 6 18)  3 (11 6 19)  3 (11 6 24)  3 (11 6 29)  3 (11 6 32)  3 (11 6 35)  3 (11 6 38)  3 (11 6 39)  3 (11 6 76)  12 (11 6 80)  12 (11 6 81)  12 (11 6 82)  12 (11 6 89)  12 (11 6 90)  12 (11 6 91)  12 (11 6 92)  12 (11 6 93)  12 (11 6 94)  12 (11 6 98)  12 (11 6 99)  12 (11 6 100)  12 (11 6 102)  12 (11 6 104)  12 (11 6 107)  12 (11 6 108)  12 (11 6 111)  12 (11 6 112)  12 (11 6 115)  12 (11 6 116)  12 (11 6 119)  12 (11 6 120)  12 (11 6 122)  12 (11 6 124)  4 (13 5 37)  13 (13 5 39)  13 (13 5 45)  30 (13 5 119)  12 (13 5 121)  12 (13 5 36)  3 (13 5 49)  35 (13 5 51)  35 (13 5 52)  5 (13 5 54)  5 (13 5 55)  5 (13 5 56)  5 (13 5 60)  5 (13 5 61)  5 (13 5 62)  5 (13 5 64)  5 (13 5 65)  5 (13 5 68)  5 (13 5 71)  5 (13 5 72)  5 (13 5 74)  5 (13 5 118)  12 (13 5 122)  12
 (14 5 36)  13 (14 5 118)  12 (14 5 122)  12 (14 5 37)  3 (14 5 39)  3 (14 5 45)  30 (14 5 50)  35 (14 5 53)  5 (14 5 57)  5 (14 5 58)  5 (14 5 59)  5 (14 5 63)  5 (14 5 66)  5 (14 5 67)  5 (14 5 69)  5 (14 5 70)  5 (14 5 73)  5 (14 5 119)  12 (14 5 121)  12
 (7 18 26)  13 (7 18 27)  13 (7 18 29)  13 (7 18 30)  13 (7 18 33)  13 (7 18 36)  13 (7 18 47)  12 (7 18 48)  12 (7 18 62)  35 (7 18 66)  35 (7 18 67)  35 (7 18 68)  35 (7 18 69)  35 (7 18 71)  35 (7 18 73)  35 (7 18 74)  35 (7 18 90)  12 (7 18 111)  12 (7 18 113)  12 (7 18 124)  22 (7 18 125)  22 (7 18 13)  3 (7 18 86)  12 (7 18 110)  12 (7 18 116)  12
 (8 18 13)  13 (8 18 25)  13 (8 18 28)  13 (8 18 31)  13 (8 18 32)  13 (8 18 34)  13 (8 18 35)  13 (8 18 37)  13 (8 18 38)  13 (8 18 39)  13 (8 18 46)  12 (8 18 63)  35 (8 18 64)  35 (8 18 65)  35 (8 18 70)  35 (8 18 72)  35 (8 18 86)  12 (8 18 110)  12 (8 18 116)  12 (8 18 123)  22 (8 18 90)  12 (8 18 111)  12 (8 18 113)  12
 (9 15 1)  10 (9 15 17)  13 (9 15 20)  13 (9 15 24)  13 (9 15 40)  30 (9 15 76)  12 (9 15 77)  12 (9 15 78)  12 (9 15 79)  12 (9 15 85)  12 (9 15 86)  12 (9 15 88)  12 (9 15 89)  12 (9 15 93)  12 (9 15 94)  12 (9 15 95)  12 (9 15 97)  12 (9 15 99)  12 (9 15 102)  12 (9 15 12)  3 (9 15 22)  3
 (15 10 17)  13 (15 10 20)  13 (15 10 24)  13 (15 10 12)  3 (15 10 22)  3 (15 10 75)  12 (15 10 80)  12 (15 10 81)  12 (15 10 82)  12 (15 10 83)  12 (15 10 84)  12 (15 10 87)  12 (15 10 90)  12 (15 10 91)  12 (15 10 92)  12 (15 10 96)  12 (15 10 98)  12 (15 10 100)  12 (15 10 101)  12
 (10 8 5)  3 (10 8 7)  3 (10 8 9)  3 (10 8 12)  3 (10 8 16)  3 (10 8 18)  3 (10 8 22)  3 (10 8 23)  3 (10 8 53)  5 (10 8 54)  5 (10 8 55)  5 (10 8 57)  5 (10 8 60)  5 (10 8 75)  12 (10 8 78)  12 (10 8 80)  12 (10 8 82)  12 (10 8 83)  12 (10 8 85)  12 (10 8 89)  12 (10 8 90)  12 (10 8 92)  12 (10 8 93)  12 (10 8 95)  12 (10 8 98)  12 (10 8 99)  12 (10 8 101)  12 (8 7 8)  13 (8 7 14)  13 (8 7 20)  13 (8 7 27)  13 (8 7 44)  30 (8 7 47)  12 (8 7 58)  35 (8 7 61)  35 (8 7 66)  35 (8 7 68)  35 (8 7 79)  12 (8 7 87)  12 (8 7 94)  12 (8 7 100)  12 (8 7 106)  12 (8 7 112)  12 (8 7 3)  10 (8 7 9)  3 (8 7 16)  3 (8 7 18)  3 (8 7 22)  3 (8 7 28)  3 (8 7 32)  3 (8 7 43)  30 (8 7 55)  5 (8 7 65)  5 (8 7 70)  5 (8 7 80)  12 (8 7 83)  12 (8 7 89)  12 (8 7 95)  12 (8 7 107)  12 (8 7 109)  12
 (7 9 1)  10 (7 9 6)  13 (7 9 8)  13 (7 9 10)  13 (7 9 11)  13 (7 9 13)  13 (7 9 14)  13 (7 9 15)  13 (7 9 17)  13 (7 9 19)  13 (7 9 20)  13 (7 9 21)  13 (7 9 24)  13 (7 9 40)  30 (7 9 52)  35 (7 9 56)  35 (7 9 58)  35 (7 9 59)  35 (7 9 61)  35 (7 9 76)  12 (7 9 77)  12 (7 9 79)  12 (7 9 81)  12 (7 9 84)  12 (7 9 86)  12 (7 9 87)  12 (7 9 88)  12 (7 9 91)  12 (7 9 94)  12 (7 9 96)  12 (7 9 97)  12 (7 9 100)  12 (7 9 102)  12
 (9 10 10)  13 (9 10 14)  13 (9 10 19)  13 (9 10 56)  35 (9 10 81)  12 (9 10 84)  12 (9 10 87)  12 (9 10 100)  12 (9 10 7)  3 (9 10 16)  3 (9 10 57)  5 (9 10 60)  5 (9 10 78)  12 (9 10 89)  12 (9 10 93)  12 (9 10 95)  12
 (8 14 21)  13 (8 14 33)  13 (8 14 36)  13 (8 14 97)  12 (8 14 102)  12 (8 14 114)  12 (8 14 118)  12 (8 14 120)  12 (8 14 122)  12 (8 14 23)  3 (8 14 34)  3 (8 14 37)  3 (8 14 38)  3 (8 14 39)  3 (8 14 42)  30 (8 14 44)  30 (8 14 45)  30 (8 14 46)  2 (8 14 47)  2 (8 14 50)  35 (8 14 51)  35 (8 14 53)  5 (8 14 54)  5 (8 14 57)  5 (8 14 58)  5 (8 14 60)  5 (8 14 61)  5 (8 14 63)  5 (8 14 64)  5 (8 14 66)  5 (8 14 68)  5 (8 14 69)  5 (8 14 71)  5 (8 14 73)  5 (8 14 74)  5 (8 14 98)  12 (8 14 101)  12 (8 14 115)  12 (8 14 117)  12 (8 14 119)  12 (8 14 121)  12
 (14 13 21)  13 (14 13 33)  13 (14 13 48)  12 (14 13 59)  35 (14 13 67)  35 (14 13 70)  35 (14 13 97)  12 (14 13 102)  12 (14 13 114)  12 (14 13 120)  12 (14 13 23)  3 (14 13 34)  3 (14 13 38)  3 (14 13 42)  30 (14 13 44)  30 (14 13 51)  35 (14 13 54)  5 (14 13 60)  5 (14 13 61)  5 (14 13 64)  5 (14 13 68)  5 (14 13 71)  5 (14 13 74)  5 (14 13 98)  12 (14 13 101)  12 (14 13 115)  12 (14 13 117)  12
 (13 7 21)  13 (13 7 33)  13 (13 7 36)  13 (13 7 40)  30 (13 7 41)  30 (13 7 43)  30 (13 7 48)  12 (13 7 49)  35 (13 7 52)  35 (13 7 55)  35 (13 7 56)  35 (13 7 59)  35 (13 7 62)  35 (13 7 65)  35 (13 7 67)  35 (13 7 70)  35 (13 7 72)  35 (13 7 97)  12 (13 7 102)  12 (13 7 114)  12 (13 7 118)  12 (13 7 120)  12 (13 7 122)  12 (13 7 23)  3 (13 7 34)  3 (13 7 37)  3 (13 7 38)  3 (13 7 39)  3 (13 7 98)  12 (13 7 101)  12 (13 7 115)  12 (13 7 117)  12 (13 7 119)  12 (13 7 121)  12
 (12 8 4)  10 (12 8 5)  13 (12 8 7)  13 (12 8 8)  13 (12 8 12)  13 (12 8 13)  13 (12 8 14)  13 (12 8 15)  13 (12 8 20)  13 (12 8 21)  13 (12 8 25)  13 (12 8 27)  13 (12 8 30)  13 (12 8 33)  13 (12 8 36)  13 (12 8 72)  35 (12 8 75)  12 (12 8 78)  12 (12 8 79)  12 (12 8 82)  12 (12 8 85)  12 (12 8 86)  12 (12 8 87)  12 (12 8 88)  12 (12 8 93)  12 (12 8 94)  12 (12 8 97)  12 (12 8 99)  12 (12 8 100)  12 (12 8 102)  12 (12 8 103)  12 (12 8 106)  12 (12 8 108)  12 (12 8 110)  12 (12 8 112)  12 (12 8 114)  12 (12 8 116)  12 (12 8 118)  12 (12 8 120)  12 (12 8 122)  12 (12 8 123)  22 (12 8 73)  5 (12 8 74)  5
 (11 7 1)  10 (11 7 2)  10 (11 7 3)  10 (11 7 6)  13 (11 7 9)  13 (11 7 10)  13 (11 7 11)  13 (11 7 16)  13 (11 7 17)  13 (11 7 18)  13 (11 7 19)  13 (11 7 22)  13 (11 7 23)  13 (11 7 24)  13 (11 7 26)  13 (11 7 28)  13 (11 7 29)  13 (11 7 31)  13 (11 7 32)  13 (11 7 34)  13 (11 7 35)  13 (11 7 37)  13 (11 7 38)  13 (11 7 39)  13 (11 7 73)  35 (11 7 74)  35 (11 7 76)  12 (11 7 77)  12 (11 7 80)  12 (11 7 81)  12 (11 7 83)  12 (11 7 84)  12 (11 7 89)  12 (11 7 90)  12 (11 7 91)  12 (11 7 92)  12 (11 7 95)  12 (11 7 96)  12 (11 7 98)  12 (11 7 101)  12 (11 7 104)  12 (11 7 105)  12 (11 7 107)  12 (11 7 109)  12 (11 7 111)  12 (11 7 113)  12 (11 7 115)  12 (11 7 117)  12 (11 7 119)  12 (11 7 121)  12 (11 7 124)  22 (11 7 125)  22 (11 7 72)  5
 (11 12 4)  10 (11 12 72)  35 (11 12 82)  12 (11 12 93)  12 (11 12 94)  12 (11 12 99)  12 (11 12 100)  12 (11 12 102)  12 (11 12 108)  12 (11 12 112)  12 (11 12 116)  12 (11 12 120)  12 (11 12 122)  12 (11 12 6)  3 (11 12 9)  3 (11 12 10)  3 (11 12 16)  3 (11 12 17)  3 (11 12 22)  3 (11 12 23)  3 (11 12 26)  3 (11 12 28)  3 (11 12 31)  3 (11 12 34)  3 (11 12 37)  3 (11 12 73)  5 (11 12 74)  5 (11 12 77)  12 (11 12 83)  12 (11 12 84)  12 (11 12 95)  12 (11 12 96)  12 (11 12 101)  12 (11 12 105)  12 (11 12 109)  12 (11 12 113)  12 (11 12 117)  12 (11 12 121)  12 (11 12 125)  4
 (9 16 6)  13 (9 16 7)  13 (9 16 8)  13 (9 16 11)  13 (9 16 12)  13 (9 16 13)  13 (9 16 15)  13 (9 16 16)  13 (9 16 21)  13 (9 16 22)  13 (9 16 52)  35 (9 16 57)  35 (9 16 58)  35 (9 16 59)  35 (9 16 60)  35 (9 16 61)  35 (9 16 91)  12 (9 16 96)  12 (9 16 85)  12 (9 16 99)  12
 (10 16 5)  13 (10 16 9)  13 (10 16 10)  13 (10 16 14)  13 (10 16 17)  13 (10 16 18)  13 (10 16 19)  13 (10 16 20)  13 (10 16 23)  13 (10 16 24)  13 (10 16 53)  35 (10 16 54)  35 (10 16 55)  35 (10 16 56)  35 (10 16 85)  12 (10 16 99)  12 (10 16 91)  12 (10 16 96)  12
 (2 12 5)  13 (2 12 6)  13 (2 12 7)  13 (2 12 8)  13 (2 12 9)  13 (2 12 10)  13 (2 12 11)  13 (2 12 12)  13 (2 12 13)  13 (2 12 14)  13 (2 12 15)  13 (2 12 16)  13 (2 12 17)  13 (2 12 18)  13 (2 12 19)  13 (2 12 20)  13 (2 12 21)  13 (2 12 22)  13 (2 12 23)  13 (2 12 24)  13 (2 12 25)  13 (2 12 26)  13 (2 12 27)  13 (2 12 28)  13 (2 12 29)  13 (2 12 30)  13 (2 12 31)  13 (2 12 32)  13 (2 12 33)  13 (2 12 34)  13 (2 12 35)  13 (2 12 36)  13 (2 12 37)  13 (2 12 38)  13 (2 12 39)  13
 (3 13 40)  30 (3 13 41)  30 (3 13 42)  30 (3 13 43)  30 (3 13 44)  30 (3 13 45)  30
 (4 14 46)  12 (4 14 47)  12 (4 14 48)  12
 (1 11 1)  10 (1 11 2)  10 (1 11 3)  10 (1 11 4)  10
 (7 17 2)  10 (7 17 31)  13 (7 17 35)  13 (7 17 41)  30 (7 17 44)  30 (7 17 49)  35 (7 17 92)  12 (7 17 104)  12 (7 17 105)  12 (7 17 106)  12 (7 17 110)  12 (7 17 112)  12 (7 17 114)  12 (7 17 116)  12 (7 17 118)  12 (7 17 120)  12 (7 17 122)  12 (7 17 15)  3 (7 17 30)  3 (7 17 69)  5 (7 17 71)  5 (7 17 88)  12
 (8 17 3)  10 (8 17 4)  10 (8 17 15)  13 (8 17 30)  13 (8 17 42)  30 (8 17 43)  30 (8 17 45)  30 (8 17 50)  35 (8 17 51)  35 (8 17 69)  35 (8 17 71)  35 (8 17 88)  12 (8 17 103)  12 (8 17 107)  12 (8 17 108)  12 (8 17 109)  12 (8 17 111)  12 (8 17 113)  12 (8 17 115)  12 (8 17 117)  12 (8 17 119)  12 (8 17 121)  12 (8 17 31)  3 (8 17 35)  3 (8 17 92)  12
 (6 12 75)  12 (6 12 77)  12 (6 12 78)  12 (6 12 79)  12 (6 12 83)  12 (6 12 84)  12 (6 12 85)  12 (6 12 86)  12 (6 12 87)  12 (6 12 88)  12 (6 12 95)  12 (6 12 96)  12 (6 12 97)  12 (6 12 101)  12 (6 12 103)  12 (6 12 105)  12 (6 12 106)  12 (6 12 109)  12 (6 12 110)  12 (6 12 113)  12 (6 12 114)  12 (6 12 117)  12 (6 12 118)  12 (6 12 121)  12 (6 12 123)  22 (6 12 125)  22 (6 12 11)  3 (6 12 18)  3 (6 12 19)  3 (6 12 24)  3 (6 12 29)  3 (6 12 32)  3 (6 12 35)  3 (6 12 38)  3 (6 12 39)  3
 (6 11 11)  13 (6 11 18)  13 (6 11 19)  13 (6 11 24)  13 (6 11 29)  13 (6 11 32)  13 (6 11 35)  13 (6 11 38)  13 (6 11 39)  13 (6 11 76)  12 (6 11 80)  12 (6 11 81)  12 (6 11 82)  12 (6 11 89)  12 (6 11 90)  12 (6 11 91)  12 (6 11 92)  12 (6 11 93)  12 (6 11 94)  12 (6 11 98)  12 (6 11 99)  12 (6 11 100)  12 (6 11 102)  12 (6 11 104)  12 (6 11 107)  12 (6 11 108)  12 (6 11 111)  12 (6 11 112)  12 (6 11 115)  12 (6 11 116)  12 (6 11 119)  12 (6 11 120)  12 (6 11 122)  12 (6 11 124)  22
 (5 13 36)  13 (5 13 49)  35 (5 13 51)  35 (5 13 52)  35 (5 13 54)  35 (5 13 55)  35 (5 13 56)  35 (5 13 60)  35 (5 13 61)  35 (5 13 62)  35 (5 13 64)  35 (5 13 65)  35 (5 13 68)  35 (5 13 71)  35 (5 13 72)  35 (5 13 74)  35 (5 13 118)  12 (5 13 122)  12 (5 13 37)  3 (5 13 39)  3 (5 13 45)  30 (5 13 119)  12 (5 13 121)  12
 (5 14 37)  13 (5 14 39)  13 (5 14 45)  30 (5 14 50)  35 (5 14 53)  35 (5 14 57)  35 (5 14 58)  35 (5 14 59)  35 (5 14 63)  35 (5 14 66)  35 (5 14 67)  35 (5 14 69)  35 (5 14 70)  35 (5 14 73)  35 (5 14 119)  12 (5 14 121)  12 (5 14 36)  3 (5 14 118)  12 (5 14 122)  12
 (18 7 13)  13 (18 7 86)  12 (18 7 110)  12 (18 7 116)  12 (18 7 26)  3 (18 7 27)  3 (18 7 29)  3 (18 7 30)  3 (18 7 33)  3 (18 7 36)  3 (18 7 47)  2 (18 7 48)  2 (18 7 62)  5 (18 7 66)  5 (18 7 67)  5 (18 7 68)  5 (18 7 69)  5 (18 7 71)  5 (18 7 73)  5 (18 7 74)  5 (18 7 90)  12 (18 7 111)  12 (18 7 113)  12 (18 7 124)  4 (18 7 125)  4
 (18 8 90)  12 (18 8 111)  12 (18 8 113)  12 (18 8 13)  3 (18 8 25)  3 (18 8 28)  3 (18 8 31)  3 (18 8 32)  3 (18 8 34)  3 (18 8 35)  3 (18 8 37)  3 (18 8 38)  3 (18 8 39)  3 (18 8 46)  2 (18 8 63)  5 (18 8 64)  5 (18 8 65)  5 (18 8 70)  5 (18 8 72)  5 (18 8 86)  12 (18 8 110)  12 (18 8 116)  12 (18 8 123)  4
]

D_PathAvailability: [0.981416 0.983593 0.983465 0.976801 0.97061 0.972621 0.964407 0.963929 0.965599 0.967628 0.975828 0.959737 0.957553 0.958981 0.963404 0.959428 0.962942 0.968783 0.970819 0.954337 0.956525 0.954782 0.958182 0.966117 0.977699 0.974041 0.965337 0.972651 0.977253 0.964811 0.972121 0.975859 0.957922 0.965181 0.975327 0.958899 0.966165 0.968363 0.969351 0.985179 0.987365 0.984178 0.987236 0.970474 0.985182 0.984435 0.971987 0.973343 0.989811 0.988914 0.986616 0.986001 0.978123 0.97585 0.978882 0.980939 0.971872 0.971391 0.972746 0.969613 0.969133 0.987441 0.985267 0.982977 0.986032 0.972809 0.974166 0.970548 0.972279 0.972776 0.970019 0.978077 0.964961 0.962718 0.982998 0.988431 0.982802 0.974502 0.974019 0.983523 0.985591 0.97686 0.977923 0.979979 0.964415 0.967576 0.971221 0.973489 0.975023 0.977017 0.975389 0.982987 0.968417 0.967937 0.969471 0.969835 0.966538 0.975969 0.958393 0.965156 0.970412 0.960502 0.989965 0.990623 0.984983 0.97618 0.990494 0.983783 0.984854 0.969723 0.983942 0.970084 0.978339 0.968682 0.982886 0.963667 0.977289 0.96967 0.983888 0.962633 0.978286 0.963615 0.986314 0.988251 0.982624 ]

C_PathCost: [255 265 285 295 208 216 224 224 232 232 216 240 240 240 240 248 248 232 232 256 288 264 296 248 204 212 220 228 212 236 244 228 284 292 244 252 260 292 260 635 615 765 675 825 645 211.5 225.5 260.5 782.5 747.5 957.5 460 440 560 500 500 480 480 580 600 600 460 440 560 500 480 580 600 520 620 640 580 560 680 352 340 364 376 376 364 364 376 388 388 400 400 400 400 388 388 388 388 400 400 412 412 472 460 424 424 484 496 346 334 358 370 358 370 382 394 382 394 406 466 454 418 478 418 406 490 430 442 271.5 258.5 284.5 ]

D_CombinationAvailability: [
 (1 1) 0.981416 (2 2) 0.983593 (2 3) 0.976327 (2 4) 0.969081 (3 2) 0.976327 (3 3) 0.983465 (3 4) 0.969282 (4 2) 0.969081 (4 3) 0.969282 (4 4) 0.976801 (5 5) 0.97061 (5 6) 0.953506 (5 7) 0.956937 (5 8) 0.953088 (5 9) 0.957389 (5 10) 0.956016 (5 11) 0.95665 (5 12) 0.952303 (5 13) 0.946784 (5 14) 0.955598 (5 15) 0.952569 (5 16) 0.943902 (5 17) 0.951387 (5 18) 0.960546 (5 19) 0.959169 (5 20) 0.95097 (5 21) 0.945768 (5 22) 0.939331 (5 23) 0.950035 (5 24) 0.954524 (6 5) 0.953506 (6 6) 0.972621 (6 7) 0.955412 (6 8) 0.957551 (6 9) 0.954901 (6 10) 0.959526 (6 11) 0.970003 (6 12) 0.950785 (6 13) 0.951217 (6 14) 0.94466 (6 15) 0.95703 (6 16) 0.95681 (6 17) 0.95488 (6 18) 0.952331 (6 19) 0.956944 (6 20) 0.940085 (6 21) 0.950197 (6 22) 0.952176 (6 23) 0.947567 (6 24) 0.952309 (7 5) 0.956937 (7 6) 0.955412 (7 7) 0.964407 (7 8) 0.954994 (7 9) 0.943902 (7 10) 0.942549 (7 11) 0.958563 (7 12) 0.954206 (7 13) 0.948676 (7 14) 0.942136 (7 15) 0.954473 (7 16) 0.951271 (7 17) 0.937985 (7 18) 0.947015 (7 19) 0.945657 (7 20) 0.937574 (7 21) 0.947658 (7 22) 0.941209 (7 23) 0.936652 (7 24) 0.941078 (8 5) 0.953088 (8 6) 0.957551 (8 7) 0.954994 (8 8) 0.963929 (8 9) 0.940106 (8 10) 0.94466 (8 11) 0.960709 (8 12) 0.950369 (8 13) 0.9508 (8 14) 0.950951 (8 15) 0.95661 (8 16) 0.941985 (8 17) 0.940085 (8 18) 0.943206 (8 19) 0.947775 (8 20) 0.946346 (8 21) 0.94978 (8 22) 0.937424 (8 23) 0.932885 (8 24) 0.943185 (9 5) 0.957389 (9 6) 0.954901 (9 7) 0.943902 (9 8) 0.940106 (9 9) 0.965599 (9 10) 0.957415 (9 11) 0.952331 (9 12) 0.939331 (9 13) 0.933887 (9 14) 0.942581 (9 15) 0.939594 (9 16) 0.951996 (9 17) 0.952779 (9 18) 0.962999 (9 19) 0.954838 (9 20) 0.938017 (9 21) 0.932885 (9 22) 0.947386 (9 23) 0.951425 (9 24) 0.950214 (10 5) 0.956016 (10 6) 0.959526 (10 7) 0.942549 (10 8) 0.94466 (10 9) 0.957415 (10 10) 0.967628 (10 11) 0.956944 (10 12) 0.937985 (10 13) 0.938411 (10 14) 0.952636 (10 15) 0.944145 (10 16) 0.943928 (10 17) 0.957393 (10 18) 0.954838 (10 19) 0.965023 (10 20) 0.94256 (10 21) 0.937404 (10 22) 0.939357 (10 23) 0.950061 (10 24) 0.954816 (11 5) 0.95665 (11 6) 0.970003 (11 7) 0.958563 (11 8) 0.960709 (11 9) 0.952331 (11 10) 0.956944 (11 11) 0.975828 (11 12) 0.953921 (11 13) 0.954354 (11 14) 0.947775 (11 15) 0.960185 (11 16) 0.954235 (11 17) 0.952309 (11 18) 0.95805 (11 19) 0.96269 (11 20) 0.943185 (11 21) 0.95333 (11 22) 0.949613 (11 23) 0.945016 (11 24) 0.958028 (12 5) 0.952303 (12 6) 0.950785 (12 7) 0.954206 (12 8) 0.950369 (12 9) 0.939331 (12 10) 0.937985 (12 11) 0.953921 (12 12) 0.959737 (12 13) 0.944082 (12 14) 0.937574 (12 15) 0.949851 (12 16) 0.941209 (12 17) 0.933442 (12 18) 0.942429 (12 19) 0.941078 (12 20) 0.933033 (12 21) 0.943069 (12 22) 0.946664 (12 23) 0.932117 (12 24) 0.93652 (13 5) 0.946784 (13 6) 0.951217 (13 7) 0.948676 (13 8) 0.9508 (13 9) 0.933887 (13 10) 0.938411 (13 11) 0.954354 (13 12) 0.944082 (13 13) 0.957553 (13 14) 0.937999 (13 15) 0.950282 (13 16) 0.935754 (13 17) 0.933866 (13 18) 0.936967 (13 19) 0.941505 (13 20) 0.933457 (13 21) 0.943497 (13 22) 0.931223 (13 23) 0.926714 (13 24) 0.936945 (14 5) 0.955598 (14 6) 0.94466 (14 7) 0.942136 (14 8) 0.950951 (14 9) 0.942581 (14 10) 0.952636 (14 11) 0.947775 (14 12) 0.937574 (14 13) 0.937999 (14 14) 0.958981 (14 15) 0.943731 (14 16) 0.929303 (14 17) 0.94256 (14 18) 0.945689 (14 19) 0.955777 (14 20) 0.948838 (14 21) 0.936993 (14 22) 0.924803 (14 23) 0.935341 (14 24) 0.945668 (15 5) 0.952569 (15 6) 0.95703 (15 7) 0.954473 (15 8) 0.95661 (15 9) 0.939594 (15 10) 0.944145 (15 11) 0.960185 (15 12) 0.949851 (15 13) 0.950282 (15 14) 0.943731 (15 15) 0.963404 (15 16) 0.941472 (15 17) 0.939573 (15 18) 0.942692 (15 19) 0.947258 (15 20) 0.939161 (15 21) 0.949263 (15 22) 0.936913 (15 23) 0.932377 (15 24) 0.942671 (16 5) 0.943902 (16 6) 0.95681 (16 7) 0.951271 (16 8) 0.941985 (16 9) 0.951996 (16 10) 0.943928 (16 11) 0.954235 (16 12) 0.941209 (16 13) 0.935754 (16 14) 0.929303 (16 15) 0.941472 (16 16) 0.959428 (16 17) 0.939357 (16 18) 0.949434 (16 19) 0.941387 (16 20) 0.924803 (16 21) 0.93475 (16 22) 0.94928 (16 23) 0.938023 (16 24) 0.936829 (17 5) 0.951387 (17 6) 0.95488 (17 7) 0.937985 (17 8) 0.940085 (17 9) 0.952779 (17 10) 0.957393 (17 11) 0.952309 (17 12) 0.933442 (17 13) 0.933866 (17 14) 0.94256 (17 15) 0.939573 (17 16) 0.939357 (17 17) 0.962942 (17 18) 0.950214 (17 19) 0.954816 (17 20) 0.948023 (17 21) 0.932864 (17 22) 0.934808 (17 23) 0.94546 (17 24) 0.96035 (18 5) 0.960546 (18 6) 0.952331 (18 7) 0.947015 (18 8) 0.943206 (18 9) 0.962999 (18 10) 0.954838 (18 11) 0.95805 (18 12) 0.942429 (18 13) 0.936967 (18 14) 0.945689 (18 15) 0.942692 (18 16) 0.949434 (18 17) 0.950214 (18 18) 0.968783 (18 19) 0.960572 (18 20) 0.941109 (18 21) 0.935961 (18 22) 0.944836 (18 23) 0.948864 (18 24) 0.95592 (19 5) 0.959169 (19 6) 0.956944 (19 7) 0.945657 (19 8) 0.947775 (19 9) 0.954838 (19 10) 0.965023 (19 11) 0.96269 (19 12) 0.941078 (19 13) 0.941505 (19 14) 0.955777 (19 15) 0.947258 (19 16) 0.941387 (19 17) 0.954816 (19 18) 0.960572 (19 19) 0.970819 (19 20) 0.945668 (19 21) 0.940495 (19 22) 0.936829 (19 23) 0.947504 (19 24) 0.96055 (20 5) 0.95097 (20 6) 0.940085 (20 7) 0.937574 (20 8) 0.946346 (20 9) 0.938017 (20 10) 0.94256 (20 11) 0.943185 (20 12) 0.933033 (20 13) 0.933457 (20 14) 0.948838 (20 15) 0.939161 (20 16) 0.924803 (20 17) 0.948023 (20 18) 0.941109 (20 19) 0.945668 (20 20) 0.954337 (20 21) 0.932456 (20 22) 0.920324 (20 23) 0.930812 (20 24) 0.951149 (21 5) 0.945768 (21 6) 0.950197 (21 7) 0.947658 (21 8) 0.94978 (21 9) 0.932885 (21 10) 0.937404 (21 11) 0.95333 (21 12) 0.943069 (21 13) 0.943497 (21 14) 0.936993 (21 15) 0.949263 (21 16) 0.93475 (21 17) 0.932864 (21 18) 0.935961 (21 19) 0.940495 (21 20) 0.932456 (21 21) 0.956525 (21 22) 0.930223 (21 23) 0.92572 (21 24) 0.93594 (22 5) 0.939331 (22 6) 0.952176 (22 7) 0.941209 (22 8) 0.937424 (22 9) 0.947386 (22 10) 0.939357 (22 11) 0.949613 (22 12) 0.946664 (22 13) 0.931223 (22 14) 0.924803 (22 15) 0.936913 (22 16) 0.94928 (22 17) 0.934808 (22 18) 0.944836 (22 19) 0.936829 (22 20) 0.920324 (22 21) 0.930223 (22 22) 0.954782 (22 23) 0.93348 (22 24) 0.932292 (23 5) 0.950035 (23 6) 0.947567 (23 7) 0.936652 (23 8) 0.932885 (23 9) 0.951425 (23 10) 0.950061 (23 11) 0.945016 (23 12) 0.932117 (23 13) 0.926714 (23 14) 0.935341 (23 15) 0.932377 (23 16) 0.938023 (23 17) 0.94546 (23 18) 0.948864 (23 19) 0.947504 (23 20) 0.930812 (23 21) 0.92572 (23 22) 0.93348 (23 23) 0.958182 (23 24) 0.942916 (24 5) 0.954524 (24 6) 0.952309 (24 7) 0.941078 (24 8) 0.943185 (24 9) 0.950214 (24 10) 0.954816 (24 11) 0.958028 (24 12) 0.93652 (24 13) 0.936945 (24 14) 0.945668 (24 15) 0.942671 (24 16) 0.936829 (24 17) 0.96035 (24 18) 0.95592 (24 19) 0.96055 (24 20) 0.951149 (24 21) 0.93594 (24 22) 0.932292 (24 23) 0.942916 (24 24) 0.966117 (25 25) 0.977699 (25 26) 0.961873 (25 27) 0.961452 (25 28) 0.964382 (25 29) 0.965045 (25 30) 0.960928 (25 31) 0.963856 (25 32) 0.967562 (25 33) 0.954067 (25 34) 0.956974 (25 35) 0.967034 (25 36) 0.95504 (25 37) 0.957951 (25 38) 0.96013 (25 39) 0.961109 (26 25) 0.961873 (26 26) 0.974041 (26 27) 0.95895 (26 28) 0.963281 (26 29) 0.97142 (26 30) 0.958427 (26 31) 0.962755 (26 32) 0.960688 (26 33) 0.951584 (26 34) 0.955882 (26 35) 0.960164 (26 36) 0.952555 (26 37) 0.956857 (26 38) 0.953309 (26 39) 0.954281 (27 25) 0.961452 (27 26) 0.95895 (27 27) 0.965337 (27 28) 0.948356 (27 29) 0.962112 (27 30) 0.958007 (27 31) 0.947839 (27 32) 0.951483 (27 33) 0.951167 (27 34) 0.941072 (27 35) 0.950964 (27 36) 0.952137 (27 37) 0.942031 (27 38) 0.944175 (27 39) 0.945138 (28 25) 0.964382 (28 26) 0.963281 (28 27) 0.948356 (28 28) 0.972651 (28 29) 0.960688 (28 30) 0.947839 (28 31) 0.965266 (28 32) 0.970033 (28 33) 0.941072 (28 34) 0.958375 (28 35) 0.962668 (28 36) 0.942031 (28 37) 0.959352 (28 38) 0.955795 (28 39) 0.95677 (29 25) 0.965045 (29 26) 0.97142 (29 27) 0.962112 (29 28) 0.960688 (29 29) 0.977253 (29 30) 0.961587 (29 31) 0.960164 (29 32) 0.966457 (29 33) 0.954722 (29 34) 0.953309 (29 35) 0.96593 (29 36) 0.955696 (29 37) 0.954281 (29 38) 0.959034 (29 39) 0.960012 (30 25) 0.960928 (30 26) 0.958427 (30 27) 0.958007 (30 28) 0.947839 (30 29) 0.961587 (30 30) 0.964811 (30 31) 0.947322 (30 32) 0.950964 (30 33) 0.950649 (30 34) 0.940559 (30 35) 0.950446 (30 36) 0.951618 (30 37) 0.941518 (30 38) 0.94366 (30 39) 0.944622 (31 25) 0.963856 (31 26) 0.962755 (31 27) 0.947839 (31 28) 0.965266 (31 29) 0.960164 (31 30) 0.947322 (31 31) 0.972121 (31 32) 0.962668 (31 33) 0.940559 (31 34) 0.957852 (31 35) 0.969505 (31 36) 0.941518 (31 37) 0.958829 (31 38) 0.955274 (31 39) 0.956248 (32 25) 0.967562 (32 26) 0.960688 (32 27) 0.951483 (32 28) 0.970033 (32 29) 0.966457 (32 30) 0.950964 (32 31) 0.962668 (32 32) 0.975859 (32 33) 0.944175 (32 34) 0.955795 (32 35) 0.968449 (32 36) 0.945138 (32 37) 0.95677 (32 38) 0.961535 (32 39) 0.962515 (33 25) 0.954067 (33 26) 0.951584 (33 27) 0.951167 (33 28) 0.941072 (33 29) 0.954722 (33 30) 0.950649 (33 31) 0.940559 (33 32) 0.944175 (33 33) 0.957922 (33 34) 0.933843 (33 35) 0.94366 (33 36) 0.951324 (33 37) 0.934796 (33 38) 0.936922 (33 39) 0.937878 (34 25) 0.956974 (34 26) 0.955882 (34 27) 0.941072 (34 28) 0.958375 (34 29) 0.953309 (34 30) 0.940559 (34 31) 0.957852 (34 32) 0.955795 (34 33) 0.933843 (34 34) 0.965181 (34 35) 0.955274 (34 36) 0.934796 (34 37) 0.958533 (34 38) 0.962583 (34 39) 0.955953 (35 25) 0.967034 (35 26) 0.960164 (35 27) 0.950964 (35 28) 0.962668 (35 29) 0.96593 (35 30) 0.950446 (35 31) 0.969505 (35 32) 0.968449 (35 33) 0.94366 (35 34) 0.955274 (35 35) 0.975327 (35 36) 0.944622 (35 37) 0.956248 (35 38) 0.961011 (35 39) 0.961991 (36 25) 0.95504 (36 26) 0.952555 (36 27) 0.952137 (36 28) 0.942031 (36 29) 0.955696 (36 30) 0.951618 (36 31) 0.941518 (36 32) 0.945138 (36 33) 0.951324 (36 34) 0.934796 (36 35) 0.944622 (36 36) 0.958899 (36 37) 0.935749 (36 38) 0.937878 (36 39) 0.938835 (37 25) 0.957951 (37 26) 0.956857 (37 27) 0.942031 (37 28) 0.959352 (37 29) 0.954281 (37 30) 0.941518 (37 31) 0.958829 (37 32) 0.95677 (37 33) 0.934796 (37 34) 0.958533 (37 35) 0.956248 (37 36) 0.935749 (37 37) 0.966165 (37 38) 0.955953 (37 39) 0.963564 (38 25) 0.96013 (38 26) 0.953309 (38 27) 0.944175 (38 28) 0.955795 (38 29) 0.959034 (38 30) 0.94366 (38 31) 0.955274 (38 32) 0.961535 (38 33) 0.936922 (38 34) 0.962583 (38 35) 0.961011 (38 36) 0.937878 (38 37) 0.955953 (38 38) 0.968363 (38 39) 0.961694 (39 25) 0.961109 (39 26) 0.954281 (39 27) 0.945138 (39 28) 0.95677 (39 29) 0.960012 (39 30) 0.944622 (39 31) 0.956248 (39 32) 0.962515 (39 33) 0.937878 (39 34) 0.955953 (39 35) 0.961991 (39 36) 0.938835 (39 37) 0.963564 (39 38) 0.961694 (39 39) 0.969351 (40 40) 0.985179 (41 41) 0.987365 (41 42) 0.974787 (41 43) 0.980071 (41 44) 0.96824 (41 45) 0.975781 (42 41) 0.974787 (42 42) 0.984178 (42 43) 0.974989 (42 44) 0.970146 (42 45) 0.977399 (43 41) 0.980071 (43 42) 0.974989 (43 43) 0.987236 (43 44) 0.961088 (43 45) 0.975983 (44 41) 0.96824 (44 42) 0.970146 (44 43) 0.961088 (44 44) 0.970474 (44 45) 0.963464 (45 41) 0.975781 (45 42) 0.977399 (45 43) 0.975983 (45 44) 0.963464 (45 45) 0.985182 (46 46) 0.984435 (46 47) 0.968075 (46 48) 0.965023 (47 46) 0.968075 (47 47) 0.971987 (47 48) 0.96209 (48 46) 0.965023 (48 47) 0.96209 (48 48) 0.973343 (49 49) 0.989811 (49 50) 0.978838 (49 51) 0.977201 (50 49) 0.978838 (50 50) 0.988914 (50 51) 0.980461 (51 49) 0.977201 (51 50) 0.980461 (51 51) 0.986616 (52 52) 0.986001 (52 53) 0.96443 (52 54) 0.962818 (52 55) 0.968037 (52 56) 0.972726 (52 57) 0.966358 (52 58) 0.968522 (52 59) 0.97211 (52 60) 0.964742 (52 61) 0.966902 (53 52) 0.96443 (53 53) 0.978123 (53 54) 0.969762 (53 55) 0.968357 (53 56) 0.966969 (53 57) 0.964344 (53 58) 0.960466 (53 59) 0.957437 (53 60) 0.956102 (53 61) 0.952256 (54 52) 0.962818 (54 53) 0.969762 (54 54) 0.97585 (54 55) 0.966738 (54 56) 0.965352 (54 57) 0.956102 (54 58) 0.952256 (54 59) 0.949254 (54 60) 0.962103 (54 61) 0.958234 (55 52) 0.968037 (55 53) 0.968357 (55 54) 0.966738 (55 55) 0.978882 (55 56) 0.970586 (55 57) 0.954716 (55 58) 0.950876 (55 59) 0.954399 (55 60) 0.95312 (55 61) 0.949287 (56 52) 0.972726 (56 53) 0.966969 (56 54) 0.965352 (56 55) 0.970586 (56 56) 0.980939 (56 57) 0.953347 (56 58) 0.955482 (56 59) 0.959022 (56 60) 0.951754 (56 61) 0.953885 (57 52) 0.966358 (57 53) 0.964344 (57 54) 0.956102 (57 55) 0.954716 (57 56) 0.953347 (57 57) 0.971872 (57 58) 0.962386 (57 59) 0.959351 (57 60) 0.963565 (57 61) 0.95416 (58 52) 0.968522 (58 53) 0.960466 (58 54) 0.952256 (58 55) 0.950876 (58 56) 0.955482 (58 57) 0.962386 (58 58) 0.971391 (58 59) 0.961499 (58 60) 0.95416 (58 61) 0.963087 (59 52) 0.97211 (59 53) 0.957437 (59 54) 0.949254 (59 55) 0.954399 (59 56) 0.959022 (59 57) 0.959351 (59 58) 0.961499 (59 59) 0.972746 (59 60) 0.951151 (59 61) 0.953281 (60 52) 0.964742 (60 53) 0.956102 (60 54) 0.962103 (60 55) 0.95312 (60 56) 0.951754 (60 57) 0.963565 (60 58) 0.95416 (60 59) 0.951151 (60 60) 0.969613 (60 61) 0.960149 (61 52) 0.966902 (61 53) 0.952256 (61 54) 0.958234 (61 55) 0.949287 (61 56) 0.953885 (61 57) 0.95416 (61 58) 0.963087 (61 59) 0.953281 (61 60) 0.960149 (61 61) 0.969133 (62 62) 0.987441 (62 63) 0.972893 (62 64) 0.971266 (62 65) 0.976532 (62 66) 0.969936 (62 67) 0.97353 (62 68) 0.968314 (62 69) 0.969407 (62 70) 0.962774 (62 71) 0.967787 (62 72) 0.968654 (62 73) 0.962111 (62 74) 0.960503 (63 62) 0.972893 (63 63) 0.985267 (63 64) 0.976845 (63 65) 0.97543 (63 66) 0.968894 (63 67) 0.965839 (63 68) 0.960612 (63 69) 0.968366 (63 70) 0.968358 (63 71) 0.960089 (63 72) 0.967561 (63 73) 0.961078 (63 74) 0.952863 (64 62) 0.971266 (64 63) 0.976845 (64 64) 0.982977 (64 65) 0.973799 (64 66) 0.960612 (64 67) 0.957583 (64 68) 0.966642 (64 69) 0.960089 (64 70) 0.960081 (64 71) 0.966115 (64 72) 0.965943 (64 73) 0.952863 (64 74) 0.958844 (65 62) 0.976532 (65 63) 0.97543 (65 64) 0.973799 (65 65) 0.986032 (65 66) 0.95922 (65 67) 0.962774 (65 68) 0.957617 (65 69) 0.958698 (65 70) 0.97214 (65 71) 0.957095 (65 72) 0.97118 (65 73) 0.951482 (65 74) 0.949891 (66 62) 0.969936 (66 63) 0.968894 (66 64) 0.960612 (66 65) 0.95922 (66 66) 0.972809 (66 67) 0.962903 (66 68) 0.964494 (66 69) 0.965423 (66 70) 0.952266 (66 71) 0.957171 (66 72) 0.951482 (66 73) 0.958157 (66 74) 0.949967 (67 62) 0.97353 (67 63) 0.965839 (67 64) 0.957583 (67 65) 0.962774 (67 66) 0.962903 (67 67) 0.974166 (67 68) 0.954673 (67 69) 0.962379 (67 70) 0.963404 (67 71) 0.954153 (67 72) 0.955007 (67 73) 0.955135 (67 74) 0.946971 (68 62) 0.968314 (68 63) 0.960612 (68 64) 0.966642 (68 65) 0.957617 (68 66) 0.964494 (68 67) 0.954673 (68 68) 0.970548 (68 69) 0.957171 (68 70) 0.944126 (68 71) 0.963179 (68 72) 0.949891 (68 73) 0.949967 (68 74) 0.95593 (69 62) 0.969407 (69 63) 0.968366 (69 64) 0.960089 (69 65) 0.958698 (69 66) 0.965423 (69 67) 0.962379 (69 68) 0.957171 (69 69) 0.972279 (69 70) 0.951747 (69 71) 0.963968 (69 72) 0.950963 (69 73) 0.957634 (69 74) 0.949449 (70 62) 0.962774 (70 63) 0.968358 (70 64) 0.960081 (70 65) 0.97214 (70 66) 0.952266 (70 67) 0.963404 (70 68) 0.944126 (70 69) 0.951747 (70 70) 0.972776 (70 71) 0.943611 (70 72) 0.957498 (70 73) 0.944583 (70 74) 0.936509 (71 62) 0.967787 (71 63) 0.960089 (71 64) 0.966115 (71 65) 0.957095 (71 66) 0.957171 (71 67) 0.954153 (71 68) 0.963179 (71 69) 0.963968 (71 70) 0.943611 (71 71) 0.970019 (71 72) 0.949374 (71 73) 0.949449 (71 74) 0.955409 (72 62) 0.968654 (72 63) 0.967561 (72 64) 0.965943 (72 65) 0.97118 (72 66) 0.951482 (72 67) 0.955007 (72 68) 0.949891 (72 69) 0.950963 (72 70) 0.957498 (72 71) 0.949374 (72 72) 0.978077 (72 73) 0.943806 (72 74) 0.942228 (73 62) 0.962111 (73 63) 0.961078 (73 64) 0.952863 (73 65) 0.951482 (73 66) 0.958157 (73 67) 0.955135 (73 68) 0.949967 (73 69) 0.957634 (73 70) 0.944583 (73 71) 0.949449 (73 72) 0.943806 (73 73) 0.964961 (73 74) 0.956713 (74 62) 0.960503 (74 63) 0.952863 (74 64) 0.958844 (74 65) 0.949891 (74 66) 0.949967 (74 67) 0.946971 (74 68) 0.95593 (74 69) 0.949449 (74 70) 0.936509 (74 71) 0.955409 (74 72) 0.942228 (74 73) 0.956713 (74 74) 0.962718 (75 75) 0.982998 (75 76) 0.971626 (75 77) 0.967262 (75 78) 0.970742 (75 79) 0.966838 (75 80) 0.973983 (75 81) 0.972587 (75 82) 0.975679 (75 83) 0.969609 (75 84) 0.968219 (75 85) 0.960694 (75 86) 0.960442 (75 87) 0.967794 (75 88) 0.966311 (75 89) 0.961839 (75 90) 0.96754 (75 91) 0.962519 (75 92) 0.973452 (75 93) 0.963515 (75 94) 0.95964 (75 95) 0.95752 (75 96) 0.958197 (75 97) 0.959412 (75 98) 0.966502 (75 99) 0.953541 (75 100) 0.960589 (75 101) 0.962161 (75 102) 0.952269 (76 75) 0.971626 (76 76) 0.988431 (76 77) 0.981343 (76 78) 0.969769 (76 79) 0.97194 (76 80) 0.974224 (76 81) 0.978943 (76 82) 0.966994 (76 83) 0.967239 (76 84) 0.971923 (76 85) 0.959731 (76 86) 0.965511 (76 87) 0.962611 (76 88) 0.97141 (76 89) 0.972363 (76 90) 0.96778 (76 91) 0.96881 (76 92) 0.973693 (76 93) 0.965146 (76 94) 0.967307 (76 95) 0.96539 (76 96) 0.961863 (76 97) 0.964475 (76 98) 0.966742 (76 99) 0.955156 (76 100) 0.958022 (76 101) 0.959809 (76 102) 0.959877 (77 75) 0.967262 (77 76) 0.981343 (77 77) 0.982802 (77 78) 0.965414 (77 79) 0.967575 (77 80) 0.967239 (77 81) 0.971923 (77 82) 0.96006 (77 83) 0.968677 (77 84) 0.973369 (77 85) 0.95542 (77 86) 0.961174 (77 87) 0.958288 (77 88) 0.967048 (77 89) 0.96539 (77 90) 0.96084 (77 91) 0.961863 (77 92) 0.966711 (77 93) 0.958225 (77 94) 0.960371 (77 95) 0.966826 (77 96) 0.963294 (77 97) 0.960143 (77 98) 0.959809 (77 99) 0.948307 (77 100) 0.951153 (77 101) 0.961237 (77 102) 0.952994 (78 75) 0.970742 (78 76) 0.969769 (78 77) 0.965414 (78 78) 0.974502 (78 79) 0.96499 (78 80) 0.961839 (78 81) 0.96046 (78 82) 0.963515 (78 83) 0.95752 (78 84) 0.956147 (78 85) 0.958858 (78 86) 0.958607 (78 87) 0.955728 (78 88) 0.964464 (78 89) 0.965565 (78 90) 0.955477 (78 91) 0.950519 (78 92) 0.961315 (78 93) 0.967247 (78 94) 0.957805 (78 95) 0.961229 (78 96) 0.94625 (78 97) 0.957578 (78 98) 0.954452 (78 99) 0.951719 (78 100) 0.948612 (78 101) 0.950165 (78 102) 0.950449 (79 75) 0.966838 (79 76) 0.97194 (79 77) 0.967575 (79 78) 0.96499 (79 79) 0.974019 (79 80) 0.957971 (79 81) 0.962611 (79 82) 0.95964 (79 83) 0.953669 (79 84) 0.958288 (79 85) 0.955002 (79 86) 0.960753 (79 87) 0.96467 (79 88) 0.966624 (79 89) 0.95614 (79 90) 0.951634 (79 91) 0.952647 (79 92) 0.957449 (79 93) 0.957805 (79 94) 0.966767 (79 95) 0.951846 (79 96) 0.948369 (79 97) 0.959723 (79 98) 0.950613 (79 99) 0.947891 (79 100) 0.957488 (79 101) 0.946344 (79 102) 0.952577 (80 75) 0.973983 (80 76) 0.974224 (80 77) 0.967239 (80 78) 0.961839 (80 79) 0.957971 (80 80) 0.983523 (80 81) 0.975188 (80 82) 0.96934 (80 83) 0.976471 (80 84) 0.968195 (80 85) 0.951883 (80 86) 0.951634 (80 87) 0.958919 (80 88) 0.957449 (80 89) 0.971261 (80 90) 0.970128 (80 91) 0.965094 (80 92) 0.976056 (80 93) 0.957255 (80 94) 0.953405 (80 95) 0.964296 (80 96) 0.958173 (80 97) 0.950613 (80 98) 0.969087 (80 99) 0.947346 (80 100) 0.954348 (80 101) 0.962138 (80 102) 0.946082 (81 75) 0.972587 (81 76) 0.978943 (81 77) 0.971923 (81 78) 0.96046 (81 79) 0.962611 (81 80) 0.975188 (81 81) 0.985591 (81 82) 0.967951 (81 83) 0.968195 (81 84) 0.978523 (81 85) 0.950519 (81 86) 0.956243 (81 87) 0.969148 (81 88) 0.962086 (81 89) 0.963029 (81 90) 0.968737 (81 91) 0.969768 (81 92) 0.974657 (81 93) 0.955882 (81 94) 0.958022 (81 95) 0.956124 (81 96) 0.962814 (81 97) 0.955217 (81 98) 0.967698 (81 99) 0.945988 (81 100) 0.964528 (81 101) 0.960759 (81 102) 0.950664 (82 75) 0.975679 (82 76) 0.966994 (82 77) 0.96006 (82 78) 0.963515 (82 79) 0.95964 (82 80) 0.96934 (82 81) 0.967951 (82 82) 0.97686 (82 83) 0.96239 (82 84) 0.96101 (82 85) 0.953541 (82 86) 0.953291 (82 87) 0.960589 (82 88) 0.959116 (82 89) 0.957255 (82 90) 0.962928 (82 91) 0.957931 (82 92) 0.968812 (82 93) 0.96468 (82 94) 0.960801 (82 95) 0.95039 (82 96) 0.951062 (82 97) 0.952269 (82 98) 0.961895 (82 99) 0.954695 (82 100) 0.961751 (82 101) 0.954998 (82 102) 0.953421 (83 75) 0.969609 (83 76) 0.967239 (83 77) 0.968677 (83 78) 0.95752 (83 79) 0.953669 (83 80) 0.976471 (83 81) 0.968195 (83 82) 0.96239 (83 83) 0.977923 (83 84) 0.969635 (83 85) 0.947608 (83 86) 0.94736 (83 87) 0.954612 (83 88) 0.953149 (83 89) 0.964296 (83 90) 0.963171 (83 91) 0.958173 (83 92) 0.969057 (83 93) 0.95039 (83 94) 0.946568 (83 95) 0.965731 (83 96) 0.959599 (83 97) 0.946344 (83 98) 0.962138 (83 99) 0.940553 (83 100) 0.947504 (83 101) 0.963569 (83 102) 0.939298 (84 75) 0.968219 (84 76) 0.971923 (84 77) 0.973369 (84 78) 0.956147 (84 79) 0.958288 (84 80) 0.968195 (84 81) 0.978523 (84 82) 0.96101 (84 83) 0.969635 (84 84) 0.979979 (84 85) 0.94625 (84 86) 0.951949 (84 87) 0.964795 (84 88) 0.957766 (84 89) 0.956124 (84 90) 0.961791 (84 91) 0.962814 (84 92) 0.967668 (84 93) 0.949028 (84 94) 0.951153 (84 95) 0.957546 (84 96) 0.964246 (84 97) 0.950927 (84 98) 0.960759 (84 99) 0.939204 (84 100) 0.957612 (84 101) 0.962188 (84 102) 0.943847 (85 75) 0.960694 (85 76) 0.959731 (85 77) 0.95542 (85 78) 0.958858 (85 79) 0.955002 (85 80) 0.951883 (85 81) 0.950519 (85 82) 0.953541 (85 83) 0.947608 (85 84) 0.94625 (85 85) 0.964415 (85 86) 0.948684 (85 87) 0.945835 (85 88) 0.954481 (85 89) 0.950064 (85 90) 0.945587 (85 91) 0.94068 (85 92) 0.951365 (85 93) 0.951719 (85 94) 0.947891 (85 95) 0.945797 (85 96) 0.936455 (85 97) 0.947667 (85 98) 0.944572 (85 99) 0.957235 (85 100) 0.938793 (85 101) 0.94033 (85 102) 0.940611 (86 75) 0.960442 (86 76) 0.965511 (86 77) 0.961174 (86 78) 0.958607 (86 79) 0.960753 (86 80) 0.951634 (86 81) 0.956243 (86 82) 0.953291 (86 83) 0.94736 (86 84) 0.951949 (86 85) 0.948684 (86 86) 0.967576 (86 87) 0.951532 (86 88) 0.96023 (86 89) 0.949815 (86 90) 0.945339 (86 91) 0.946345 (86 92) 0.951115 (86 93) 0.951469 (86 94) 0.9536 (86 95) 0.94555 (86 96) 0.942095 (86 97) 0.953374 (86 98) 0.944325 (86 99) 0.941621 (86 100) 0.944447 (86 101) 0.940084 (86 102) 0.946275 (87 75) 0.967794 (87 76) 0.962611 (87 77) 0.958288 (87 78) 0.955728 (87 79) 0.96467 (87 80) 0.958919 (87 81) 0.969148 (87 82) 0.960589 (87 83) 0.954612 (87 84) 0.964795 (87 85) 0.945835 (87 86) 0.951532 (87 87) 0.971221 (87 88) 0.957346 (87 89) 0.946963 (87 90) 0.952575 (87 91) 0.953589 (87 92) 0.958396 (87 93) 0.948612 (87 94) 0.957488 (87 95) 0.94271 (87 96) 0.949307 (87 97) 0.950511 (87 98) 0.951553 (87 99) 0.938793 (87 100) 0.96399 (87 101) 0.94728 (87 102) 0.943434 (88 75) 0.966311 (88 76) 0.97141 (88 77) 0.967048 (88 78) 0.964464 (88 79) 0.966624 (88 80) 0.957449 (88 81) 0.962086 (88 82) 0.959116 (88 83) 0.953149 (88 84) 0.957766 (88 85) 0.954481 (88 86) 0.96023 (88 87) 0.957346 (88 88) 0.973489 (88 89) 0.955619 (88 90) 0.951115 (88 91) 0.952128 (88 92) 0.956927 (88 93) 0.957283 (88 94) 0.959427 (88 95) 0.951327 (88 96) 0.947852 (88 97) 0.959199 (88 98) 0.950095 (88 99) 0.947375 (88 100) 0.950218 (88 101) 0.945828 (88 102) 0.952058 (89 75) 0.961839 (89 76) 0.972363 (89 77) 0.96539 (89 78) 0.965565 (89 79) 0.95614 (89 80) 0.971261 (89 81) 0.963029 (89 82) 0.957255 (89 83) 0.964296 (89 84) 0.956124 (89 85) 0.950064 (89 86) 0.949815 (89 87) 0.946963 (89 88) 0.955619 (89 89) 0.975023 (89 90) 0.958032 (89 91) 0.953061 (89 92) 0.963886 (89 93) 0.960962 (89 94) 0.951583 (89 95) 0.968031 (89 96) 0.946227 (89 97) 0.948796 (89 98) 0.957004 (89 99) 0.945535 (89 100) 0.942449 (89 101) 0.950142 (89 102) 0.944274 (90 75) 0.96754 (90 76) 0.96778 (90 77) 0.96084 (90 78) 0.955477 (90 79) 0.951634 (90 80) 0.970128 (90 81) 0.968737 (90 82) 0.962928 (90 83) 0.963171 (90 84) 0.961791 (90 85) 0.945587 (90 86) 0.945339 (90 87) 0.952575 (90 88) 0.951115 (90 89) 0.958032 (90 90) 0.977017 (90 91) 0.95871 (90 92) 0.969599 (90 93) 0.950922 (90 94) 0.947098 (90 95) 0.951163 (90 96) 0.951835 (90 97) 0.944325 (90 98) 0.962676 (90 99) 0.941079 (90 100) 0.948034 (90 101) 0.955773 (90 102) 0.939823 (91 75) 0.962519 (91 76) 0.96881 (91 77) 0.961863 (91 78) 0.950519 (91 79) 0.952647 (91 80) 0.965094 (91 81) 0.969768 (91 82) 0.957931 (91 83) 0.958173 (91 84) 0.962814 (91 85) 0.94068 (91 86) 0.946345 (91 87) 0.953589 (91 88) 0.952128 (91 89) 0.953061 (91 90) 0.95871 (91 91) 0.975389 (91 92) 0.964568 (91 93) 0.945988 (91 94) 0.948106 (91 95) 0.946227 (91 96) 0.968395 (91 97) 0.94533 (91 98) 0.957681 (91 99) 0.936196 (91 100) 0.949044 (91 101) 0.950814 (91 102) 0.940824 (92 75) 0.973452 (92 76) 0.973693 (92 77) 0.966711 (92 78) 0.961315 (92 79) 0.957449 (92 80) 0.976056 (92 81) 0.974657 (92 82) 0.968812 (92 83) 0.969057 (92 84) 0.967668 (92 85) 0.951365 (92 86) 0.951115 (92 87) 0.958396 (92 88) 0.956927 (92 89) 0.963886 (92 90) 0.969599 (92 91) 0.964568 (92 92) 0.982987 (92 93) 0.956733 (92 94) 0.952885 (92 95) 0.956975 (92 96) 0.957651 (92 97) 0.950095 (92 98) 0.968559 (92 99) 0.94683 (92 100) 0.953827 (92 101) 0.961614 (92 102) 0.945566 (93 75) 0.963515 (93 76) 0.965146 (93 77) 0.958225 (93 78) 0.967247 (93 79) 0.957805 (93 80) 0.957255 (93 81) 0.955882 (93 82) 0.96468 (93 83) 0.95039 (93 84) 0.949028 (93 85) 0.951719 (93 86) 0.951469 (93 87) 0.948612 (93 88) 0.957283 (93 89) 0.960962 (93 90) 0.950922 (93 91) 0.945988 (93 92) 0.956733 (93 93) 0.968417 (93 94) 0.958964 (93 95) 0.954072 (93 96) 0.939204 (93 97) 0.950449 (93 98) 0.949902 (93 99) 0.95287 (93 100) 0.94976 (93 101) 0.943091 (93 102) 0.951599 (94 75) 0.95964 (94 76) 0.967307 (94 77) 0.960371 (94 78) 0.957805 (94 79) 0.966767 (94 80) 0.953405 (94 81) 0.958022 (94 82) 0.960801 (94 83) 0.946568 (94 84) 0.951153 (94 85) 0.947891 (94 86) 0.9536 (94 87) 0.957488 (94 88) 0.959427 (94 89) 0.951583 (94 90) 0.947098 (94 91) 0.948106 (94 92) 0.952885 (94 93) 0.958964 (94 94) 0.967937 (94 95) 0.944759 (94 96) 0.941307 (94 97) 0.952577 (94 98) 0.946082 (94 99) 0.949038 (94 100) 0.958646 (94 101) 0.939298 (94 102) 0.953729 (95 75) 0.95752 (95 76) 0.96539 (95 77) 0.966826 (95 78) 0.961229 (95 79) 0.951846 (95 80) 0.964296 (95 81) 0.956124 (95 82) 0.95039 (95 83) 0.965731 (95 84) 0.957546 (95 85) 0.945797 (95 86) 0.94555 (95 87) 0.94271 (95 88) 0.951327 (95 89) 0.968031 (95 90) 0.951163 (95 91) 0.946227 (95 92) 0.956975 (95 93) 0.954072 (95 94) 0.944759 (95 95) 0.969471 (95 96) 0.947634 (95 97) 0.944535 (95 98) 0.950142 (95 99) 0.938755 (95 100) 0.935691 (95 101) 0.951555 (95 102) 0.937503 (96 75) 0.958197 (96 76) 0.961863 (96 77) 0.963294 (96 78) 0.94625 (96 79) 0.948369 (96 80) 0.958173 (96 81) 0.962814 (96 82) 0.951062 (96 83) 0.959599 (96 84) 0.964246 (96 85) 0.936455 (96 86) 0.942095 (96 87) 0.949307 (96 88) 0.947852 (96 89) 0.946227 (96 90) 0.951835 (96 91) 0.968395 (96 92) 0.957651 (96 93) 0.939204 (96 94) 0.941307 (96 95) 0.947634 (96 96) 0.969835 (96 97) 0.941084 (96 98) 0.950814 (96 99) 0.929483 (96 100) 0.942238 (96 101) 0.952228 (96 102) 0.934077 (97 75) 0.959412 (97 76) 0.964475 (97 77) 0.960143 (97 78) 0.957578 (97 79) 0.959723 (97 80) 0.950613 (97 81) 0.955217 (97 82) 0.952269 (97 83) 0.946344 (97 84) 0.950927 (97 85) 0.947667 (97 86) 0.953374 (97 87) 0.950511 (97 88) 0.959199 (97 89) 0.948796 (97 90) 0.944325 (97 91) 0.94533 (97 92) 0.950095 (97 93) 0.950449 (97 94) 0.952577 (97 95) 0.944535 (97 96) 0.941084 (97 97) 0.966538 (97 98) 0.943311 (97 99) 0.940611 (97 100) 0.943434 (97 101) 0.939075 (97 102) 0.959342 (98 75) 0.966502 (98 76) 0.966742 (98 77) 0.959809 (98 78) 0.954452 (98 79) 0.950613 (98 80) 0.969087 (98 81) 0.967698 (98 82) 0.961895 (98 83) 0.962138 (98 84) 0.960759 (98 85) 0.944572 (98 86) 0.944325 (98 87) 0.951553 (98 88) 0.950095 (98 89) 0.957004 (98 90) 0.962676 (98 91) 0.957681 (98 92) 0.968559 (98 93) 0.949902 (98 94) 0.946082 (98 95) 0.950142 (98 96) 0.950814 (98 97) 0.943311 (98 98) 0.975969 (98 99) 0.94007 (98 100) 0.947017 (98 101) 0.968971 (98 102) 0.938815 (99 75) 0.953541 (99 76) 0.955156 (99 77) 0.948307 (99 78) 0.951719 (99 79) 0.947891 (99 80) 0.947346 (99 81) 0.945988 (99 82) 0.954695 (99 83) 0.940553 (99 84) 0.939204 (99 85) 0.957235 (99 86) 0.941621 (99 87) 0.938793 (99 88) 0.947375 (99 89) 0.945535 (99 90) 0.941079 (99 91) 0.936196 (99 92) 0.94683 (99 93) 0.95287 (99 94) 0.949038 (99 95) 0.938755 (99 96) 0.929483 (99 97) 0.940611 (99 98) 0.94007 (99 99) 0.958393 (99 100) 0.939929 (99 101) 0.933329 (99 102) 0.941749 (100 75) 0.960589 (100 76) 0.958022 (100 77) 0.951153 (100 78) 0.948612 (100 79) 0.957488 (100 80) 0.954348 (100 81) 0.964528 (100 82) 0.961751 (100 83) 0.947504 (100 84) 0.957612 (100 85) 0.938793 (100 86) 0.944447 (100 87) 0.96399 (100 88) 0.950218 (100 89) 0.942449 (100 90) 0.948034 (100 91) 0.949044 (100 92) 0.953827 (100 93) 0.94976 (100 94) 0.958646 (100 95) 0.935691 (100 96) 0.942238 (100 97) 0.943434 (100 98) 0.947017 (100 99) 0.939929 (100 100) 0.965156 (100 101) 0.940227 (100 102) 0.944575 (101 75) 0.962161 (101 76) 0.959809 (101 77) 0.961237 (101 78) 0.950165 (101 79) 0.946344 (101 80) 0.962138 (101 81) 0.960759 (101 82) 0.954998 (101 83) 0.963569 (101 84) 0.962188 (101 85) 0.94033 (101 86) 0.940084 (101 87) 0.94728 (101 88) 0.945828 (101 89) 0.950142 (101 90) 0.955773 (101 91) 0.950814 (101 92) 0.961614 (101 93) 0.943091 (101 94) 0.939298 (101 95) 0.951555 (101 96) 0.952228 (101 97) 0.939075 (101 98) 0.968971 (101 99) 0.933329 (101 100) 0.940227 (101 101) 0.970412 (101 102) 0.932083 (102 75) 0.952269 (102 76) 0.959877 (102 77) 0.952994 (102 78) 0.950449 (102 79) 0.952577 (102 80) 0.946082 (102 81) 0.950664 (102 82) 0.953421 (102 83) 0.939298 (102 84) 0.943847 (102 85) 0.940611 (102 86) 0.946275 (102 87) 0.943434 (102 88) 0.952058 (102 89) 0.944274 (102 90) 0.939823 (102 91) 0.940824 (102 92) 0.945566 (102 93) 0.951599 (102 94) 0.953729 (102 95) 0.937503 (102 96) 0.934077 (102 97) 0.959342 (102 98) 0.938815 (102 99) 0.941749 (102 100) 0.944575 (102 101) 0.932083 (102 102) 0.960502 (103 103) 0.989965 (103 104) 0.980682 (103 105) 0.976278 (103 106) 0.97585 (103 107) 0.980886 (103 108) 0.982594 (103 109) 0.976481 (103 110) 0.969395 (103 111) 0.974397 (103 112) 0.968585 (103 113) 0.970021 (103 114) 0.968355 (103 115) 0.973352 (103 116) 0.962177 (103 117) 0.96898 (103 118) 0.969343 (103 119) 0.974344 (103 120) 0.961145 (103 121) 0.969969 (103 122) 0.962125 (104 103) 0.980682 (104 104) 0.990623 (104 105) 0.98352 (104 106) 0.974096 (104 107) 0.983306 (104 108) 0.976008 (104 109) 0.976255 (104 110) 0.967653 (104 111) 0.976801 (104 112) 0.969453 (104 113) 0.969797 (104 114) 0.966614 (104 115) 0.975753 (104 116) 0.96304 (104 117) 0.968756 (104 118) 0.9676 (104 119) 0.976748 (104 120) 0.962007 (104 121) 0.969744 (104 122) 0.962988 (105 103) 0.976278 (105 104) 0.98352 (105 105) 0.984983 (105 106) 0.969722 (105 107) 0.976255 (105 108) 0.969009 (105 109) 0.977707 (105 110) 0.963307 (105 111) 0.969797 (105 112) 0.962501 (105 113) 0.971239 (105 114) 0.962273 (105 115) 0.968756 (105 116) 0.956134 (105 117) 0.970197 (105 118) 0.963255 (105 119) 0.969744 (105 120) 0.955109 (105 121) 0.971186 (105 122) 0.956083 (106 103) 0.97585 (106 104) 0.974096 (106 105) 0.969722 (106 106) 0.97618 (106 107) 0.966901 (106 108) 0.968585 (106 109) 0.962558 (106 110) 0.962885 (106 111) 0.960504 (106 112) 0.968912 (106 113) 0.956191 (106 114) 0.961852 (106 115) 0.959474 (106 116) 0.955715 (106 117) 0.955165 (106 118) 0.962833 (106 119) 0.960453 (106 120) 0.95469 (106 121) 0.956139 (106 122) 0.955664 (107 103) 0.980886 (107 104) 0.983306 (107 105) 0.976255 (107 106) 0.966901 (107 107) 0.990494 (107 108) 0.97621 (107 109) 0.983391 (107 110) 0.960504 (107 111) 0.977003 (107 112) 0.962292 (107 113) 0.969998 (107 114) 0.959474 (107 115) 0.975955 (107 116) 0.955926 (107 117) 0.968957 (107 118) 0.960453 (107 119) 0.976951 (107 120) 0.9549 (107 121) 0.969945 (107 122) 0.955874 (108 103) 0.982594 (108 104) 0.976008 (108 105) 0.969009 (108 106) 0.968585 (108 107) 0.97621 (108 108) 0.983783 (108 109) 0.96921 (108 110) 0.962177 (108 111) 0.969752 (108 112) 0.969757 (108 113) 0.962799 (108 114) 0.961145 (108 115) 0.968712 (108 116) 0.963341 (108 117) 0.961766 (108 118) 0.962125 (108 119) 0.9697 (108 120) 0.962308 (108 121) 0.962747 (108 122) 0.963289 (109 103) 0.976481 (109 104) 0.976255 (109 105) 0.977707 (109 106) 0.962558 (109 107) 0.983391 (109 108) 0.96921 (109 109) 0.984854 (109 110) 0.956191 (109 111) 0.969998 (109 112) 0.955391 (109 113) 0.97144 (109 114) 0.955165 (109 115) 0.968957 (109 116) 0.949071 (109 117) 0.970398 (109 118) 0.956139 (109 119) 0.969945 (109 120) 0.948053 (109 121) 0.971388 (109 122) 0.94902 (110 103) 0.969395 (110 104) 0.967653 (110 105) 0.963307 (110 106) 0.962885 (110 107) 0.960504 (110 108) 0.962177 (110 109) 0.956191 (110 110) 0.969723 (110 111) 0.954151 (110 112) 0.955715 (110 113) 0.949865 (110 114) 0.955489 (110 115) 0.953127 (110 116) 0.962503 (110 117) 0.948846 (110 118) 0.956463 (110 119) 0.954099 (110 120) 0.948375 (110 121) 0.949814 (110 122) 0.949342 (111 103) 0.974397 (111 104) 0.976801 (111 105) 0.969797 (111 106) 0.960504 (111 107) 0.977003 (111 108) 0.969752 (111 109) 0.969998 (111 110) 0.954151 (111 111) 0.983942 (111 112) 0.955926 (111 113) 0.976886 (111 114) 0.953127 (111 115) 0.969499 (111 116) 0.949602 (111 117) 0.962547 (111 118) 0.954099 (111 119) 0.970488 (111 120) 0.948584 (111 121) 0.963529 (111 122) 0.949551 (112 103) 0.968585 (112 104) 0.969453 (112 105) 0.962501 (112 106) 0.968912 (112 107) 0.962292 (112 108) 0.969757 (112 109) 0.955391 (112 110) 0.955715 (112 111) 0.955926 (112 112) 0.970084 (112 113) 0.949071 (112 114) 0.95469 (112 115) 0.9549 (112 116) 0.956872 (112 117) 0.948053 (112 118) 0.955664 (112 119) 0.955874 (112 120) 0.955845 (112 121) 0.94902 (112 122) 0.95682 (113 103) 0.970021 (113 104) 0.969797 (113 105) 0.971239 (113 106) 0.956191 (113 107) 0.969998 (113 108) 0.962799 (113 109) 0.97144 (113 110) 0.949865 (113 111) 0.976886 (113 112) 0.949071 (113 113) 0.978339 (113 114) 0.948846 (113 115) 0.962547 (113 116) 0.942793 (113 117) 0.963979 (113 118) 0.949814 (113 119) 0.963529 (113 120) 0.941782 (113 121) 0.964962 (113 122) 0.942742 (114 103) 0.968355 (114 104) 0.966614 (114 105) 0.962273 (114 106) 0.961852 (114 107) 0.959474 (114 108) 0.961145 (114 109) 0.955165 (114 110) 0.955489 (114 111) 0.953127 (114 112) 0.95469 (114 113) 0.948846 (114 114) 0.968682 (114 115) 0.952104 (114 116) 0.948375 (114 117) 0.947828 (114 118) 0.962011 (114 119) 0.953075 (114 120) 0.96147 (114 121) 0.948795 (114 122) 0.954848 (115 103) 0.973352 (115 104) 0.975753 (115 105) 0.968756 (115 106) 0.959474 (115 107) 0.975955 (115 108) 0.968712 (115 109) 0.968957 (115 110) 0.953127 (115 111) 0.969499 (115 112) 0.9549 (115 113) 0.962547 (115 114) 0.952104 (115 115) 0.982886 (115 116) 0.948584 (115 117) 0.975838 (115 118) 0.953075 (115 119) 0.976116 (115 120) 0.947566 (115 121) 0.969117 (115 122) 0.948532 (116 103) 0.962177 (116 104) 0.96304 (116 105) 0.956134 (116 106) 0.955715 (116 107) 0.955926 (116 108) 0.963341 (116 109) 0.949071 (116 110) 0.962503 (116 111) 0.949602 (116 112) 0.956872 (116 113) 0.942793 (116 114) 0.948375 (116 115) 0.948584 (116 116) 0.963667 (116 117) 0.941782 (116 118) 0.949342 (116 119) 0.949551 (116 120) 0.949522 (116 121) 0.942742 (116 122) 0.950491 (117 103) 0.96898 (117 104) 0.968756 (117 105) 0.970197 (117 106) 0.955165 (117 107) 0.968957 (117 108) 0.961766 (117 109) 0.970398 (117 110) 0.948846 (117 111) 0.962547 (117 112) 0.948053 (117 113) 0.963979 (117 114) 0.947828 (117 115) 0.975838 (117 116) 0.941782 (117 117) 0.977289 (117 118) 0.948795 (117 119) 0.969117 (117 120) 0.940771 (117 121) 0.970558 (117 122) 0.941731 (118 103) 0.969343 (118 104) 0.9676 (118 105) 0.963255 (118 106) 0.962833 (118 107) 0.960453 (118 108) 0.962125 (118 109) 0.956139 (118 110) 0.956463 (118 111) 0.954099 (118 112) 0.955664 (118 113) 0.949814 (118 114) 0.962011 (118 115) 0.953075 (118 116) 0.949342 (118 117) 0.948795 (118 118) 0.96967 (118 119) 0.954047 (118 120) 0.954848 (118 121) 0.949763 (118 122) 0.962451 (119 103) 0.974344 (119 104) 0.976748 (119 105) 0.969744 (119 106) 0.960453 (119 107) 0.976951 (119 108) 0.9697 (119 109) 0.969945 (119 110) 0.954099 (119 111) 0.970488 (119 112) 0.955874 (119 113) 0.963529 (119 114) 0.953075 (119 115) 0.976116 (119 116) 0.949551 (119 117) 0.969117 (119 118) 0.954047 (119 119) 0.983888 (119 120) 0.948532 (119 121) 0.976833 (119 122) 0.9495 (120 103) 0.961145 (120 104) 0.962007 (120 105) 0.955109 (120 106) 0.95469 (120 107) 0.9549 (120 108) 0.962308 (120 109) 0.948053 (120 110) 0.948375 (120 111) 0.948584 (120 112) 0.955845 (120 113) 0.941782 (120 114) 0.96147 (120 115) 0.947566 (120 116) 0.949522 (120 117) 0.940771 (120 118) 0.954848 (120 119) 0.948532 (120 120) 0.962633 (120 121) 0.941731 (120 122) 0.956003 (121 103) 0.969969 (121 104) 0.969744 (121 105) 0.971186 (121 106) 0.956139 (121 107) 0.969945 (121 108) 0.962747 (121 109) 0.971388 (121 110) 0.949814 (121 111) 0.963529 (121 112) 0.94902 (121 113) 0.964962 (121 114) 0.948795 (121 115) 0.969117 (121 116) 0.942742 (121 117) 0.970558 (121 118) 0.949763 (121 119) 0.976833 (121 120) 0.941731 (121 121) 0.978286 (121 122) 0.942691 (122 103) 0.962125 (122 104) 0.962988 (122 105) 0.956083 (122 106) 0.955664 (122 107) 0.955874 (122 108) 0.963289 (122 109) 0.94902 (122 110) 0.949342 (122 111) 0.949551 (122 112) 0.95682 (122 113) 0.942742 (122 114) 0.954848 (122 115) 0.948532 (122 116) 0.950491 (122 117) 0.941731 (122 118) 0.962451 (122 119) 0.9495 (122 120) 0.956003 (122 121) 0.942691 (122 122) 0.963615 (123 123) 0.986314 (123 124) 0.974726 (123 125) 0.970349 (124 123) 0.974726 (124 124) 0.988251 (124 125) 0.981165 (125 123) 0.970349 (125 124) 0.981165 (125 125) 0.982624
]

!!!!!!!!!!!!!!! GENERATED MAPPINGS DATA !!!!!!!!!!!!!!!!!!!!!!!!!!

n_Mappings: 0

M_MappingsPerService: [
 (1) []
 (2) []
 (3) []
 (4) []
 (5) []
 (6) []
 (7) []
 (8) []
]

M_PrimaryMappingsPerPath: [
(1) []
(2) []
(3) []
(4) []
(5) []
(6) []
(7) []
(8) []
(9) []
(10) []
(11) []
(12) []
(13) []
(14) []
(15) []
(16) []
(17) []
(18) []
(19) []
(20) []
(21) []
(22) []
(23) []
(24) []
(25) []
(26) []
(27) []
(28) []
(29) []
(30) []
(31) []
(32) []
(33) []
(34) []
(35) []
(36) []
(37) []
(38) []
(39) []
(40) []
(41) []
(42) []
(43) []
(44) []
(45) []
(46) []
(47) []
(48) []
(49) []
(50) []
(51) []
(52) []
(53) []
(54) []
(55) []
(56) []
(57) []
(58) []
(59) []
(60) []
(61) []
(62) []
(63) []
(64) []
(65) []
(66) []
(67) []
(68) []
(69) []
(70) []
(71) []
(72) []
(73) []
(74) []
(75) []
(76) []
(77) []
(78) []
(79) []
(80) []
(81) []
(82) []
(83) []
(84) []
(85) []
(86) []
(87) []
(88) []
(89) []
(90) []
(91) []
(92) []
(93) []
(94) []
(95) []
(96) []
(97) []
(98) []
(99) []
(100) []
(101) []
(102) []
(103) []
(104) []
(105) []
(106) []
(107) []
(108) []
(109) []
(110) []
(111) []
(112) []
(113) []
(114) []
(115) []
(116) []
(117) []
(118) []
(119) []
(120) []
(121) []
(122) []
(123) []
(124) []
(125) []
]

M_BackupMappingsPerPath: [
(1) []
(2) []
(3) []
(4) []
(5) []
(6) []
(7) []
(8) []
(9) []
(10) []
(11) []
(12) []
(13) []
(14) []
(15) []
(16) []
(17) []
(18) []
(19) []
(20) []
(21) []
(22) []
(23) []
(24) []
(25) []
(26) []
(27) []
(28) []
(29) []
(30) []
(31) []
(32) []
(33) []
(34) []
(35) []
(36) []
(37) []
(38) []
(39) []
(40) []
(41) []
(42) []
(43) []
(44) []
(45) []
(46) []
(47) []
(48) []
(49) []
(50) []
(51) []
(52) []
(53) []
(54) []
(55) []
(56) []
(57) []
(58) []
(59) []
(60) []
(61) []
(62) []
(63) []
(64) []
(65) []
(66) []
(67) []
(68) []
(69) []
(70) []
(71) []
(72) []
(73) []
(74) []
(75) []
(76) []
(77) []
(78) []
(79) []
(80) []
(81) []
(82) []
(83) []
(84) []
(85) []
(86) []
(87) []
(88) []
(89) []
(90) []
(91) []
(92) []
(93) []
(94) []
(95) []
(96) []
(97) []
(98) []
(99) []
(100) []
(101) []
(102) []
(103) []
(104) []
(105) []
(106) []
(107) []
(108) []
(109) []
(110) []
(111) []
(112) []
(113) []
(114) []
(115) []
(116) []
(117) []
(118) []
(119) []
(120) []
(121) []
(122) []
(123) []
(124) []
(125) []
]