n_Customers: 4
n_Services: 4
n_Providers: 2
n_Nodes: 14
!n_Paths: ! included below (not counted yet..)

Symmetric: false

R_Revenue: [1000 1000 1000 1000 ]

S_ServiceForCustomer: [
 [ 1 ]
 [ 2 ]
 [ 3 ]
 [ 4 ]
]

Y_AvailabilityReq: [
0.99 0.99 0.9 0.9
]

K_Paths: [
 (1 1) [1 2 3 4 5 6 7 8 9 10 11 12 13 14 15 16 17 18 19 20 21 22 23 24 ]
 (2 2) [25 26 27 28 29 30 31 32 33 34 35 36 37 38 39 40 41 42 43 44 45 46 47 48 ]
 (3 1) [49 50 51 52 53 54 55 56 57 58 59 60 61 62 63 64 65 66 67 68 69 70 71 72 73 74 75 ]
 (4 1) [76 77 78 79 80 81 82 83 84 85 86 87 88 89 90 91 92 93 94 95 96 97 98 99 100 101 102 103 104 105 ]
 (4 2) [106 107 108 109 110 111 112 113 114 115 116 117 118 119 120 121 122 123 124 125 126 127 128 129 130 131 132 133 134 135 ]
]

L_PathsUsingLink: [
 (13 7) [31 40 45 48 111 121 129 135 1 5 8 9 10 11 13 15 16 17 20 21 36 37 43 47 50 51 52 56 58 59 60 62 64 66 69 71 74 77 78 80 81 83 84 85 88 91 93 97 99 103 105 119 124 126 128 131 134 ]
 (8 13) [2 3 4 6 7 12 14 18 19 22 23 24 31 40 45 48 49 53 54 55 57 61 63 65 67 68 70 72 73 75 76 79 82 86 87 89 90 92 94 95 96 98 100 101 102 104 111 121 129 135 36 37 43 47 119 124 126 128 131 134 ]
 (6 8) [2 4 5 6 8 10 11 12 13 16 17 21 25 27 29 31 34 35 40 41 42 45 46 48 49 51 53 54 56 58 60 64 66 67 71 74 76 77 79 81 84 86 91 93 99 100 103 105 106 107 109 111 114 116 121 123 129 130 133 135 ]
 (5 6) [2 5 10 29 34 40 54 60 66 86 93 99 116 123 129 9 14 18 28 32 37 52 57 59 63 65 70 78 82 85 89 92 98 108 112 115 119 122 128 ]
 (7 5) [1 3 7 9 14 15 18 19 20 22 23 24 26 28 30 32 33 36 37 38 39 43 44 47 50 52 55 57 59 61 62 63 65 68 69 70 72 73 75 78 80 82 83 85 87 88 89 90 92 94 95 96 97 98 101 102 104 108 110 112 113 115 117 118 119 120 122 124 125 126 127 128 131 132 134 ]
 (8 7) [5 8 11 17 27 34 41 46 51 58 60 71 77 84 93 103 107 114 123 133 3 14 19 23 30 32 38 44 55 57 65 68 73 82 87 90 92 95 102 112 117 120 122 125 132 ]
 (11 6) [6 11 16 35 41 45 49 51 52 56 57 62 63 68 72 79 84 85 91 92 97 98 102 104 109 114 115 121 122 127 128 132 134 15 19 22 33 38 43 83 90 96 113 120 126 ]
 (12 6) [12 17 21 42 46 48 53 58 59 64 65 69 70 73 75 76 77 78 81 82 83 88 89 90 95 96 101 106 107 108 111 112 113 118 119 120 125 126 131 20 23 24 39 44 47 ]
 (11 12) [12 17 21 42 46 48 53 58 59 64 65 69 70 73 75 20 23 24 39 44 47 79 80 84 85 86 87 91 92 93 94 97 98 99 100 102 103 104 105 109 110 114 115 116 117 121 122 123 124 127 128 129 130 132 133 134 135 ]
 (5 11) [6 11 12 16 17 21 35 41 42 45 46 48 15 19 20 22 23 24 33 38 39 43 44 47 50 54 55 60 61 66 67 71 74 80 83 86 87 90 93 94 96 99 100 103 105 110 113 116 117 120 123 124 126 129 130 133 135 ]
 (6 10) [62 68 69 72 73 75 88 95 97 101 102 104 118 125 127 131 132 134 4 8 9 13 14 15 18 19 20 22 23 24 25 27 28 31 32 33 37 38 39 43 44 47 67 71 74 100 103 105 130 133 135 ]
 (5 9) [67 71 74 100 103 105 130 133 135 1 2 3 5 6 7 10 11 12 16 17 21 26 29 30 34 35 36 40 41 42 45 46 48 62 68 69 72 73 75 88 95 97 101 102 104 118 125 127 131 132 134 ]
 (10 9) [26 29 30 34 35 36 40 41 42 45 46 48 62 68 69 72 73 75 88 95 97 101 102 104 118 125 127 131 132 134 4 8 9 13 14 15 18 19 20 22 23 24 67 71 74 100 103 105 130 133 135 ]
 (14 7) [10 13 16 21 56 64 66 74 81 91 99 105 7 18 22 24 26 27 28 31 33 34 39 40 41 45 46 48 61 63 70 72 75 89 94 96 98 101 104 107 108 110 111 113 114 115 118 121 123 127 129 133 135 ]
 (14 8) [7 18 22 24 61 63 70 72 75 89 94 96 98 101 104 10 13 16 21 25 29 30 32 35 36 37 38 42 43 44 47 56 64 66 74 81 91 99 105 106 109 112 116 117 119 120 122 124 125 126 128 130 131 132 134 ]
 (10 2) [25 26 27 28 29 30 31 32 33 34 35 36 37 38 39 40 41 42 43 44 45 46 47 48 ]
 (11 3) [49 50 51 52 53 54 55 56 57 58 59 60 61 62 63 64 65 66 67 68 69 70 71 72 73 74 75 ]
 (12 4) [76 77 78 79 80 81 82 83 84 85 86 87 88 89 90 91 92 93 94 95 96 97 98 99 100 101 102 103 104 105 106 107 108 109 110 111 112 113 114 115 116 117 118 119 120 121 122 123 124 125 126 127 128 129 130 131 132 133 134 135 ]
 (9 1) [1 2 3 4 5 6 7 8 9 10 11 12 13 14 15 16 17 18 19 20 21 22 23 24 ]
 (7 13) [1 5 8 9 10 11 13 15 16 17 20 21 36 37 43 47 50 51 52 56 58 59 60 62 64 66 69 71 74 77 78 80 81 83 84 85 88 91 93 97 99 103 105 119 124 126 128 131 134 31 40 45 48 111 121 129 135 ]
 (13 8) [36 37 43 47 119 124 126 128 131 134 2 3 4 6 7 12 14 18 19 22 23 24 31 40 45 48 49 53 54 55 57 61 63 65 67 68 70 72 73 75 76 79 82 86 87 89 90 92 94 95 96 98 100 101 102 104 111 121 129 135 ]
 (8 6) [2 4 5 6 8 10 11 12 13 16 17 21 25 27 29 31 34 35 40 41 42 45 46 48 49 51 53 54 56 58 60 64 66 67 71 74 76 77 79 81 84 86 91 93 99 100 103 105 106 107 109 111 114 116 121 123 129 130 133 135 ]
 (6 5) [9 14 18 28 32 37 52 57 59 63 65 70 78 82 85 89 92 98 108 112 115 119 122 128 2 5 10 29 34 40 54 60 66 86 93 99 116 123 129 ]
 (5 7) [1 3 7 9 14 15 18 19 20 22 23 24 26 28 30 32 33 36 37 38 39 43 44 47 50 52 55 57 59 61 62 63 65 68 69 70 72 73 75 78 80 82 83 85 87 88 89 90 92 94 95 96 97 98 101 102 104 108 110 112 113 115 117 118 119 120 122 124 125 126 127 128 131 132 134 ]
 (7 8) [3 14 19 23 30 32 38 44 55 57 65 68 73 82 87 90 92 95 102 112 117 120 122 125 132 5 8 11 17 27 34 41 46 51 58 60 71 77 84 93 103 107 114 123 133 ]
 (6 11) [15 19 22 33 38 43 83 90 96 113 120 126 6 11 16 35 41 45 49 51 52 56 57 62 63 68 72 79 84 85 91 92 97 98 102 104 109 114 115 121 122 127 128 132 134 ]
 (6 12) [20 23 24 39 44 47 12 17 21 42 46 48 53 58 59 64 65 69 70 73 75 76 77 78 81 82 83 88 89 90 95 96 101 106 107 108 111 112 113 118 119 120 125 126 131 ]
 (12 11) [20 23 24 39 44 47 79 80 84 85 86 87 91 92 93 94 97 98 99 100 102 103 104 105 109 110 114 115 116 117 121 122 123 124 127 128 129 130 132 133 134 135 12 17 21 42 46 48 53 58 59 64 65 69 70 73 75 ]
 (11 5) [15 19 20 22 23 24 33 38 39 43 44 47 50 54 55 60 61 66 67 71 74 80 83 86 87 90 93 94 96 99 100 103 105 110 113 116 117 120 123 124 126 129 130 133 135 6 11 12 16 17 21 35 41 42 45 46 48 ]
 (10 6) [4 8 9 13 14 15 18 19 20 22 23 24 25 27 28 31 32 33 37 38 39 43 44 47 67 71 74 100 103 105 130 133 135 62 68 69 72 73 75 88 95 97 101 102 104 118 125 127 131 132 134 ]
 (9 5) [1 2 3 5 6 7 10 11 12 16 17 21 26 29 30 34 35 36 40 41 42 45 46 48 62 68 69 72 73 75 88 95 97 101 102 104 118 125 127 131 132 134 67 71 74 100 103 105 130 133 135 ]
 (9 10) [4 8 9 13 14 15 18 19 20 22 23 24 67 71 74 100 103 105 130 133 135 26 29 30 34 35 36 40 41 42 45 46 48 62 68 69 72 73 75 88 95 97 101 102 104 118 125 127 131 132 134 ]
 (7 14) [7 18 22 24 26 27 28 31 33 34 39 40 41 45 46 48 61 63 70 72 75 89 94 96 98 101 104 107 108 110 111 113 114 115 118 121 123 127 129 133 135 10 13 16 21 56 64 66 74 81 91 99 105 ]
 (8 14) [10 13 16 21 25 29 30 32 35 36 37 38 42 43 44 47 56 64 66 74 81 91 99 105 106 109 112 116 117 119 120 122 124 125 126 128 130 131 132 134 7 18 22 24 61 63 70 72 75 89 94 96 98 101 104 ]
 (2 10) [25 26 27 28 29 30 31 32 33 34 35 36 37 38 39 40 41 42 43 44 45 46 47 48 ]
 (3 11) [49 50 51 52 53 54 55 56 57 58 59 60 61 62 63 64 65 66 67 68 69 70 71 72 73 74 75 ]
 (4 12) [76 77 78 79 80 81 82 83 84 85 86 87 88 89 90 91 92 93 94 95 96 97 98 99 100 101 102 103 104 105 106 107 108 109 110 111 112 113 114 115 116 117 118 119 120 121 122 123 124 125 126 127 128 129 130 131 132 133 134 135 ]
 (1 9) [1 2 3 4 5 6 7 8 9 10 11 12 13 14 15 16 17 18 19 20 21 22 23 24 ]
]

U_PathBandwidthUsage: [
 (13 7 31)  20 (13 7 40)  20 (13 7 45)  20 (13 7 48)  20 (13 7 111)  20 (13 7 121)  20 (13 7 129)  20 (13 7 135)  20 (13 7 1)  20 (13 7 5)  20 (13 7 8)  20 (13 7 9)  20 (13 7 10)  20 (13 7 11)  20 (13 7 13)  20 (13 7 15)  20 (13 7 16)  20 (13 7 17)  20 (13 7 20)  20 (13 7 21)  20 (13 7 36)  20 (13 7 37)  20 (13 7 43)  20 (13 7 47)  20 (13 7 50)  20 (13 7 51)  20 (13 7 52)  20 (13 7 56)  20 (13 7 58)  20 (13 7 59)  20 (13 7 60)  20 (13 7 62)  20 (13 7 64)  20 (13 7 66)  20 (13 7 69)  20 (13 7 71)  20 (13 7 74)  20 (13 7 77)  20 (13 7 78)  20 (13 7 80)  20 (13 7 81)  20 (13 7 83)  20 (13 7 84)  20 (13 7 85)  20 (13 7 88)  20 (13 7 91)  20 (13 7 93)  20 (13 7 97)  20 (13 7 99)  20 (13 7 103)  20 (13 7 105)  20 (13 7 119)  20 (13 7 124)  20 (13 7 126)  20 (13 7 128)  20 (13 7 131)  20 (13 7 134)  20
 (8 13 2)  20 (8 13 3)  20 (8 13 4)  20 (8 13 6)  20 (8 13 7)  20 (8 13 12)  20 (8 13 14)  20 (8 13 18)  20 (8 13 19)  20 (8 13 22)  20 (8 13 23)  20 (8 13 24)  20 (8 13 31)  20 (8 13 40)  20 (8 13 45)  20 (8 13 48)  20 (8 13 49)  20 (8 13 53)  20 (8 13 54)  20 (8 13 55)  20 (8 13 57)  20 (8 13 61)  20 (8 13 63)  20 (8 13 65)  20 (8 13 67)  20 (8 13 68)  20 (8 13 70)  20 (8 13 72)  20 (8 13 73)  20 (8 13 75)  20 (8 13 76)  20 (8 13 79)  20 (8 13 82)  20 (8 13 86)  20 (8 13 87)  20 (8 13 89)  20 (8 13 90)  20 (8 13 92)  20 (8 13 94)  20 (8 13 95)  20 (8 13 96)  20 (8 13 98)  20 (8 13 100)  20 (8 13 101)  20 (8 13 102)  20 (8 13 104)  20 (8 13 111)  20 (8 13 121)  20 (8 13 129)  20 (8 13 135)  20 (8 13 36)  20 (8 13 37)  20 (8 13 43)  20 (8 13 47)  20 (8 13 119)  20 (8 13 124)  20 (8 13 126)  20 (8 13 128)  20 (8 13 131)  20 (8 13 134)  20
 (6 8 2)  20 (6 8 4)  20 (6 8 5)  20 (6 8 6)  20 (6 8 8)  20 (6 8 10)  20 (6 8 11)  20 (6 8 12)  20 (6 8 13)  20 (6 8 16)  20 (6 8 17)  20 (6 8 21)  20 (6 8 25)  20 (6 8 27)  20 (6 8 29)  20 (6 8 31)  20 (6 8 34)  20 (6 8 35)  20 (6 8 40)  20 (6 8 41)  20 (6 8 42)  20 (6 8 45)  20 (6 8 46)  20 (6 8 48)  20 (6 8 49)  20 (6 8 51)  20 (6 8 53)  20 (6 8 54)  20 (6 8 56)  20 (6 8 58)  20 (6 8 60)  20 (6 8 64)  20 (6 8 66)  20 (6 8 67)  20 (6 8 71)  20 (6 8 74)  20 (6 8 76)  20 (6 8 77)  20 (6 8 79)  20 (6 8 81)  20 (6 8 84)  20 (6 8 86)  20 (6 8 91)  20 (6 8 93)  20 (6 8 99)  20 (6 8 100)  20 (6 8 103)  20 (6 8 105)  20 (6 8 106)  20 (6 8 107)  20 (6 8 109)  20 (6 8 111)  20 (6 8 114)  20 (6 8 116)  20 (6 8 121)  20 (6 8 123)  20 (6 8 129)  20 (6 8 130)  20 (6 8 133)  20 (6 8 135)  20
 (5 6 2)  20 (5 6 5)  20 (5 6 10)  20 (5 6 29)  20 (5 6 34)  20 (5 6 40)  20 (5 6 54)  20 (5 6 60)  20 (5 6 66)  20 (5 6 86)  20 (5 6 93)  20 (5 6 99)  20 (5 6 116)  20 (5 6 123)  20 (5 6 129)  20 (5 6 9)  20 (5 6 14)  20 (5 6 18)  20 (5 6 28)  20 (5 6 32)  20 (5 6 37)  20 (5 6 52)  20 (5 6 57)  20 (5 6 59)  20 (5 6 63)  20 (5 6 65)  20 (5 6 70)  20 (5 6 78)  20 (5 6 82)  20 (5 6 85)  20 (5 6 89)  20 (5 6 92)  20 (5 6 98)  20 (5 6 108)  20 (5 6 112)  20 (5 6 115)  20 (5 6 119)  20 (5 6 122)  20 (5 6 128)  20
 (7 5 1)  20 (7 5 3)  20 (7 5 7)  20 (7 5 9)  20 (7 5 14)  20 (7 5 15)  20 (7 5 18)  20 (7 5 19)  20 (7 5 20)  20 (7 5 22)  20 (7 5 23)  20 (7 5 24)  20 (7 5 26)  20 (7 5 28)  20 (7 5 30)  20 (7 5 32)  20 (7 5 33)  20 (7 5 36)  20 (7 5 37)  20 (7 5 38)  20 (7 5 39)  20 (7 5 43)  20 (7 5 44)  20 (7 5 47)  20 (7 5 50)  20 (7 5 52)  20 (7 5 55)  20 (7 5 57)  20 (7 5 59)  20 (7 5 61)  20 (7 5 62)  20 (7 5 63)  20 (7 5 65)  20 (7 5 68)  20 (7 5 69)  20 (7 5 70)  20 (7 5 72)  20 (7 5 73)  20 (7 5 75)  20 (7 5 78)  20 (7 5 80)  20 (7 5 82)  20 (7 5 83)  20 (7 5 85)  20 (7 5 87)  20 (7 5 88)  20 (7 5 89)  20 (7 5 90)  20 (7 5 92)  20 (7 5 94)  20 (7 5 95)  20 (7 5 96)  20 (7 5 97)  20 (7 5 98)  20 (7 5 101)  20 (7 5 102)  20 (7 5 104)  20 (7 5 108)  20 (7 5 110)  20 (7 5 112)  20 (7 5 113)  20 (7 5 115)  20 (7 5 117)  20 (7 5 118)  20 (7 5 119)  20 (7 5 120)  20 (7 5 122)  20 (7 5 124)  20 (7 5 125)  20 (7 5 126)  20 (7 5 127)  20 (7 5 128)  20 (7 5 131)  20 (7 5 132)  20 (7 5 134)  20 (8 7 5)  20 (8 7 8)  20 (8 7 11)  20 (8 7 17)  20 (8 7 27)  20 (8 7 34)  20 (8 7 41)  20 (8 7 46)  20 (8 7 51)  20 (8 7 58)  20 (8 7 60)  20 (8 7 71)  20 (8 7 77)  20 (8 7 84)  20 (8 7 93)  20 (8 7 103)  20 (8 7 107)  20 (8 7 114)  20 (8 7 123)  20 (8 7 133)  20 (8 7 3)  20 (8 7 14)  20 (8 7 19)  20 (8 7 23)  20 (8 7 30)  20 (8 7 32)  20 (8 7 38)  20 (8 7 44)  20 (8 7 55)  20 (8 7 57)  20 (8 7 65)  20 (8 7 68)  20 (8 7 73)  20 (8 7 82)  20 (8 7 87)  20 (8 7 90)  20 (8 7 92)  20 (8 7 95)  20 (8 7 102)  20 (8 7 112)  20 (8 7 117)  20 (8 7 120)  20 (8 7 122)  20 (8 7 125)  20 (8 7 132)  20
 (11 6 6)  20 (11 6 11)  20 (11 6 16)  20 (11 6 35)  20 (11 6 41)  20 (11 6 45)  20 (11 6 49)  20 (11 6 51)  20 (11 6 52)  20 (11 6 56)  20 (11 6 57)  20 (11 6 62)  20 (11 6 63)  20 (11 6 68)  20 (11 6 72)  20 (11 6 79)  20 (11 6 84)  20 (11 6 85)  20 (11 6 91)  20 (11 6 92)  20 (11 6 97)  20 (11 6 98)  20 (11 6 102)  20 (11 6 104)  20 (11 6 109)  20 (11 6 114)  20 (11 6 115)  20 (11 6 121)  20 (11 6 122)  20 (11 6 127)  20 (11 6 128)  20 (11 6 132)  20 (11 6 134)  20 (11 6 15)  20 (11 6 19)  20 (11 6 22)  20 (11 6 33)  20 (11 6 38)  20 (11 6 43)  20 (11 6 83)  20 (11 6 90)  20 (11 6 96)  20 (11 6 113)  20 (11 6 120)  20 (11 6 126)  20
 (12 6 12)  20 (12 6 17)  20 (12 6 21)  20 (12 6 42)  20 (12 6 46)  20 (12 6 48)  20 (12 6 53)  20 (12 6 58)  20 (12 6 59)  20 (12 6 64)  20 (12 6 65)  20 (12 6 69)  20 (12 6 70)  20 (12 6 73)  20 (12 6 75)  20 (12 6 76)  20 (12 6 77)  20 (12 6 78)  20 (12 6 81)  20 (12 6 82)  20 (12 6 83)  20 (12 6 88)  20 (12 6 89)  20 (12 6 90)  20 (12 6 95)  20 (12 6 96)  20 (12 6 101)  20 (12 6 106)  20 (12 6 107)  20 (12 6 108)  20 (12 6 111)  20 (12 6 112)  20 (12 6 113)  20 (12 6 118)  20 (12 6 119)  20 (12 6 120)  20 (12 6 125)  20 (12 6 126)  20 (12 6 131)  20 (12 6 20)  20 (12 6 23)  20 (12 6 24)  20 (12 6 39)  20 (12 6 44)  20 (12 6 47)  20
 (11 12 12)  20 (11 12 17)  20 (11 12 21)  20 (11 12 42)  20 (11 12 46)  20 (11 12 48)  20 (11 12 53)  20 (11 12 58)  20 (11 12 59)  20 (11 12 64)  20 (11 12 65)  20 (11 12 69)  20 (11 12 70)  20 (11 12 73)  20 (11 12 75)  20 (11 12 20)  20 (11 12 23)  20 (11 12 24)  20 (11 12 39)  20 (11 12 44)  20 (11 12 47)  20 (11 12 79)  20 (11 12 80)  20 (11 12 84)  20 (11 12 85)  20 (11 12 86)  20 (11 12 87)  20 (11 12 91)  20 (11 12 92)  20 (11 12 93)  20 (11 12 94)  20 (11 12 97)  20 (11 12 98)  20 (11 12 99)  20 (11 12 100)  20 (11 12 102)  20 (11 12 103)  20 (11 12 104)  20 (11 12 105)  20 (11 12 109)  20 (11 12 110)  20 (11 12 114)  20 (11 12 115)  20 (11 12 116)  20 (11 12 117)  20 (11 12 121)  20 (11 12 122)  20 (11 12 123)  20 (11 12 124)  20 (11 12 127)  20 (11 12 128)  20 (11 12 129)  20 (11 12 130)  20 (11 12 132)  20 (11 12 133)  20 (11 12 134)  20 (11 12 135)  20
 (5 11 6)  20 (5 11 11)  20 (5 11 12)  20 (5 11 16)  20 (5 11 17)  20 (5 11 21)  20 (5 11 35)  20 (5 11 41)  20 (5 11 42)  20 (5 11 45)  20 (5 11 46)  20 (5 11 48)  20 (5 11 15)  20 (5 11 19)  20 (5 11 20)  20 (5 11 22)  20 (5 11 23)  20 (5 11 24)  20 (5 11 33)  20 (5 11 38)  20 (5 11 39)  20 (5 11 43)  20 (5 11 44)  20 (5 11 47)  20 (5 11 50)  20 (5 11 54)  20 (5 11 55)  20 (5 11 60)  20 (5 11 61)  20 (5 11 66)  20 (5 11 67)  20 (5 11 71)  20 (5 11 74)  20 (5 11 80)  20 (5 11 83)  20 (5 11 86)  20 (5 11 87)  20 (5 11 90)  20 (5 11 93)  20 (5 11 94)  20 (5 11 96)  20 (5 11 99)  20 (5 11 100)  20 (5 11 103)  20 (5 11 105)  20 (5 11 110)  20 (5 11 113)  20 (5 11 116)  20 (5 11 117)  20 (5 11 120)  20 (5 11 123)  20 (5 11 124)  20 (5 11 126)  20 (5 11 129)  20 (5 11 130)  20 (5 11 133)  20 (5 11 135)  20
 (6 10 62)  20 (6 10 68)  20 (6 10 69)  20 (6 10 72)  20 (6 10 73)  20 (6 10 75)  20 (6 10 88)  20 (6 10 95)  20 (6 10 97)  20 (6 10 101)  20 (6 10 102)  20 (6 10 104)  20 (6 10 118)  20 (6 10 125)  20 (6 10 127)  20 (6 10 131)  20 (6 10 132)  20 (6 10 134)  20 (6 10 4)  20 (6 10 8)  20 (6 10 9)  20 (6 10 13)  20 (6 10 14)  20 (6 10 15)  20 (6 10 18)  20 (6 10 19)  20 (6 10 20)  20 (6 10 22)  20 (6 10 23)  20 (6 10 24)  20 (6 10 25)  20 (6 10 27)  20 (6 10 28)  20 (6 10 31)  20 (6 10 32)  20 (6 10 33)  20 (6 10 37)  20 (6 10 38)  20 (6 10 39)  20 (6 10 43)  20 (6 10 44)  20 (6 10 47)  20 (6 10 67)  20 (6 10 71)  20 (6 10 74)  20 (6 10 100)  20 (6 10 103)  20 (6 10 105)  20 (6 10 130)  20 (6 10 133)  20 (6 10 135)  20
 (5 9 67)  20 (5 9 71)  20 (5 9 74)  20 (5 9 100)  20 (5 9 103)  20 (5 9 105)  20 (5 9 130)  20 (5 9 133)  20 (5 9 135)  20 (5 9 1)  20 (5 9 2)  20 (5 9 3)  20 (5 9 5)  20 (5 9 6)  20 (5 9 7)  20 (5 9 10)  20 (5 9 11)  20 (5 9 12)  20 (5 9 16)  20 (5 9 17)  20 (5 9 21)  20 (5 9 26)  20 (5 9 29)  20 (5 9 30)  20 (5 9 34)  20 (5 9 35)  20 (5 9 36)  20 (5 9 40)  20 (5 9 41)  20 (5 9 42)  20 (5 9 45)  20 (5 9 46)  20 (5 9 48)  20 (5 9 62)  20 (5 9 68)  20 (5 9 69)  20 (5 9 72)  20 (5 9 73)  20 (5 9 75)  20 (5 9 88)  20 (5 9 95)  20 (5 9 97)  20 (5 9 101)  20 (5 9 102)  20 (5 9 104)  20 (5 9 118)  20 (5 9 125)  20 (5 9 127)  20 (5 9 131)  20 (5 9 132)  20 (5 9 134)  20
 (10 9 26)  20 (10 9 29)  20 (10 9 30)  20 (10 9 34)  20 (10 9 35)  20 (10 9 36)  20 (10 9 40)  20 (10 9 41)  20 (10 9 42)  20 (10 9 45)  20 (10 9 46)  20 (10 9 48)  20 (10 9 62)  20 (10 9 68)  20 (10 9 69)  20 (10 9 72)  20 (10 9 73)  20 (10 9 75)  20 (10 9 88)  20 (10 9 95)  20 (10 9 97)  20 (10 9 101)  20 (10 9 102)  20 (10 9 104)  20 (10 9 118)  20 (10 9 125)  20 (10 9 127)  20 (10 9 131)  20 (10 9 132)  20 (10 9 134)  20 (10 9 4)  20 (10 9 8)  20 (10 9 9)  20 (10 9 13)  20 (10 9 14)  20 (10 9 15)  20 (10 9 18)  20 (10 9 19)  20 (10 9 20)  20 (10 9 22)  20 (10 9 23)  20 (10 9 24)  20 (10 9 67)  20 (10 9 71)  20 (10 9 74)  20 (10 9 100)  20 (10 9 103)  20 (10 9 105)  20 (10 9 130)  20 (10 9 133)  20 (10 9 135)  20
 (14 7 10)  20 (14 7 13)  20 (14 7 16)  20 (14 7 21)  20 (14 7 56)  20 (14 7 64)  20 (14 7 66)  20 (14 7 74)  20 (14 7 81)  20 (14 7 91)  20 (14 7 99)  20 (14 7 105)  20 (14 7 7)  20 (14 7 18)  20 (14 7 22)  20 (14 7 24)  20 (14 7 26)  20 (14 7 27)  20 (14 7 28)  20 (14 7 31)  20 (14 7 33)  20 (14 7 34)  20 (14 7 39)  20 (14 7 40)  20 (14 7 41)  20 (14 7 45)  20 (14 7 46)  20 (14 7 48)  20 (14 7 61)  20 (14 7 63)  20 (14 7 70)  20 (14 7 72)  20 (14 7 75)  20 (14 7 89)  20 (14 7 94)  20 (14 7 96)  20 (14 7 98)  20 (14 7 101)  20 (14 7 104)  20 (14 7 107)  20 (14 7 108)  20 (14 7 110)  20 (14 7 111)  20 (14 7 113)  20 (14 7 114)  20 (14 7 115)  20 (14 7 118)  20 (14 7 121)  20 (14 7 123)  20 (14 7 127)  20 (14 7 129)  20 (14 7 133)  20 (14 7 135)  20
 (14 8 7)  20 (14 8 18)  20 (14 8 22)  20 (14 8 24)  20 (14 8 61)  20 (14 8 63)  20 (14 8 70)  20 (14 8 72)  20 (14 8 75)  20 (14 8 89)  20 (14 8 94)  20 (14 8 96)  20 (14 8 98)  20 (14 8 101)  20 (14 8 104)  20 (14 8 10)  20 (14 8 13)  20 (14 8 16)  20 (14 8 21)  20 (14 8 25)  20 (14 8 29)  20 (14 8 30)  20 (14 8 32)  20 (14 8 35)  20 (14 8 36)  20 (14 8 37)  20 (14 8 38)  20 (14 8 42)  20 (14 8 43)  20 (14 8 44)  20 (14 8 47)  20 (14 8 56)  20 (14 8 64)  20 (14 8 66)  20 (14 8 74)  20 (14 8 81)  20 (14 8 91)  20 (14 8 99)  20 (14 8 105)  20 (14 8 106)  20 (14 8 109)  20 (14 8 112)  20 (14 8 116)  20 (14 8 117)  20 (14 8 119)  20 (14 8 120)  20 (14 8 122)  20 (14 8 124)  20 (14 8 125)  20 (14 8 126)  20 (14 8 128)  20 (14 8 130)  20 (14 8 131)  20 (14 8 132)  20 (14 8 134)  20
 (10 2 25)  20 (10 2 26)  20 (10 2 27)  20 (10 2 28)  20 (10 2 29)  20 (10 2 30)  20 (10 2 31)  20 (10 2 32)  20 (10 2 33)  20 (10 2 34)  20 (10 2 35)  20 (10 2 36)  20 (10 2 37)  20 (10 2 38)  20 (10 2 39)  20 (10 2 40)  20 (10 2 41)  20 (10 2 42)  20 (10 2 43)  20 (10 2 44)  20 (10 2 45)  20 (10 2 46)  20 (10 2 47)  20 (10 2 48)  20 (11 3 49)  20 (11 3 50)  20 (11 3 51)  20 (11 3 52)  20 (11 3 53)  20 (11 3 54)  20 (11 3 55)  20 (11 3 56)  20 (11 3 57)  20 (11 3 58)  20 (11 3 59)  20 (11 3 60)  20 (11 3 61)  20 (11 3 62)  20 (11 3 63)  20 (11 3 64)  20 (11 3 65)  20 (11 3 66)  20 (11 3 67)  20 (11 3 68)  20 (11 3 69)  20 (11 3 70)  20 (11 3 71)  20 (11 3 72)  20 (11 3 73)  20 (11 3 74)  20 (11 3 75)  20 (12 4 76)  20 (12 4 77)  20 (12 4 78)  20 (12 4 79)  20 (12 4 80)  20 (12 4 81)  20 (12 4 82)  20 (12 4 83)  20 (12 4 84)  20 (12 4 85)  20 (12 4 86)  20 (12 4 87)  20 (12 4 88)  20 (12 4 89)  20 (12 4 90)  20 (12 4 91)  20 (12 4 92)  20 (12 4 93)  20 (12 4 94)  20 (12 4 95)  20 (12 4 96)  20 (12 4 97)  20 (12 4 98)  20 (12 4 99)  20 (12 4 100)  20 (12 4 101)  20 (12 4 102)  20 (12 4 103)  20 (12 4 104)  20 (12 4 105)  20 (12 4 106)  20 (12 4 107)  20 (12 4 108)  20 (12 4 109)  20 (12 4 110)  20 (12 4 111)  20 (12 4 112)  20 (12 4 113)  20 (12 4 114)  20 (12 4 115)  20 (12 4 116)  20 (12 4 117)  20 (12 4 118)  20 (12 4 119)  20 (12 4 120)  20 (12 4 121)  20 (12 4 122)  20 (12 4 123)  20 (12 4 124)  20 (12 4 125)  20 (12 4 126)  20 (12 4 127)  20 (12 4 128)  20 (12 4 129)  20 (12 4 130)  20 (12 4 131)  20 (12 4 132)  20 (12 4 133)  20 (12 4 134)  20 (12 4 135)  20 (9 1 1)  20 (9 1 2)  20 (9 1 3)  20 (9 1 4)  20 (9 1 5)  20 (9 1 6)  20 (9 1 7)  20 (9 1 8)  20 (9 1 9)  20 (9 1 10)  20 (9 1 11)  20 (9 1 12)  20 (9 1 13)  20 (9 1 14)  20 (9 1 15)  20 (9 1 16)  20 (9 1 17)  20 (9 1 18)  20 (9 1 19)  20 (9 1 20)  20 (9 1 21)  20 (9 1 22)  20 (9 1 23)  20 (9 1 24)  20 (7 13 1)  20 (7 13 5)  20 (7 13 8)  20 (7 13 9)  20 (7 13 10)  20 (7 13 11)  20 (7 13 13)  20 (7 13 15)  20 (7 13 16)  20 (7 13 17)  20 (7 13 20)  20 (7 13 21)  20 (7 13 36)  20 (7 13 37)  20 (7 13 43)  20 (7 13 47)  20 (7 13 50)  20 (7 13 51)  20 (7 13 52)  20 (7 13 56)  20 (7 13 58)  20 (7 13 59)  20 (7 13 60)  20 (7 13 62)  20 (7 13 64)  20 (7 13 66)  20 (7 13 69)  20 (7 13 71)  20 (7 13 74)  20 (7 13 77)  20 (7 13 78)  20 (7 13 80)  20 (7 13 81)  20 (7 13 83)  20 (7 13 84)  20 (7 13 85)  20 (7 13 88)  20 (7 13 91)  20 (7 13 93)  20 (7 13 97)  20 (7 13 99)  20 (7 13 103)  20 (7 13 105)  20 (7 13 119)  20 (7 13 124)  20 (7 13 126)  20 (7 13 128)  20 (7 13 131)  20 (7 13 134)  20 (7 13 31)  20 (7 13 40)  20 (7 13 45)  20 (7 13 48)  20 (7 13 111)  20 (7 13 121)  20 (7 13 129)  20 (7 13 135)  20
 (13 8 36)  20 (13 8 37)  20 (13 8 43)  20 (13 8 47)  20 (13 8 119)  20 (13 8 124)  20 (13 8 126)  20 (13 8 128)  20 (13 8 131)  20 (13 8 134)  20 (13 8 2)  20 (13 8 3)  20 (13 8 4)  20 (13 8 6)  20 (13 8 7)  20 (13 8 12)  20 (13 8 14)  20 (13 8 18)  20 (13 8 19)  20 (13 8 22)  20 (13 8 23)  20 (13 8 24)  20 (13 8 31)  20 (13 8 40)  20 (13 8 45)  20 (13 8 48)  20 (13 8 49)  20 (13 8 53)  20 (13 8 54)  20 (13 8 55)  20 (13 8 57)  20 (13 8 61)  20 (13 8 63)  20 (13 8 65)  20 (13 8 67)  20 (13 8 68)  20 (13 8 70)  20 (13 8 72)  20 (13 8 73)  20 (13 8 75)  20 (13 8 76)  20 (13 8 79)  20 (13 8 82)  20 (13 8 86)  20 (13 8 87)  20 (13 8 89)  20 (13 8 90)  20 (13 8 92)  20 (13 8 94)  20 (13 8 95)  20 (13 8 96)  20 (13 8 98)  20 (13 8 100)  20 (13 8 101)  20 (13 8 102)  20 (13 8 104)  20 (13 8 111)  20 (13 8 121)  20 (13 8 129)  20 (13 8 135)  20
 (8 6 2)  20 (8 6 4)  20 (8 6 5)  20 (8 6 6)  20 (8 6 8)  20 (8 6 10)  20 (8 6 11)  20 (8 6 12)  20 (8 6 13)  20 (8 6 16)  20 (8 6 17)  20 (8 6 21)  20 (8 6 25)  20 (8 6 27)  20 (8 6 29)  20 (8 6 31)  20 (8 6 34)  20 (8 6 35)  20 (8 6 40)  20 (8 6 41)  20 (8 6 42)  20 (8 6 45)  20 (8 6 46)  20 (8 6 48)  20 (8 6 49)  20 (8 6 51)  20 (8 6 53)  20 (8 6 54)  20 (8 6 56)  20 (8 6 58)  20 (8 6 60)  20 (8 6 64)  20 (8 6 66)  20 (8 6 67)  20 (8 6 71)  20 (8 6 74)  20 (8 6 76)  20 (8 6 77)  20 (8 6 79)  20 (8 6 81)  20 (8 6 84)  20 (8 6 86)  20 (8 6 91)  20 (8 6 93)  20 (8 6 99)  20 (8 6 100)  20 (8 6 103)  20 (8 6 105)  20 (8 6 106)  20 (8 6 107)  20 (8 6 109)  20 (8 6 111)  20 (8 6 114)  20 (8 6 116)  20 (8 6 121)  20 (8 6 123)  20 (8 6 129)  20 (8 6 130)  20 (8 6 133)  20 (8 6 135)  20 (6 5 9)  20 (6 5 14)  20 (6 5 18)  20 (6 5 28)  20 (6 5 32)  20 (6 5 37)  20 (6 5 52)  20 (6 5 57)  20 (6 5 59)  20 (6 5 63)  20 (6 5 65)  20 (6 5 70)  20 (6 5 78)  20 (6 5 82)  20 (6 5 85)  20 (6 5 89)  20 (6 5 92)  20 (6 5 98)  20 (6 5 108)  20 (6 5 112)  20 (6 5 115)  20 (6 5 119)  20 (6 5 122)  20 (6 5 128)  20 (6 5 2)  20 (6 5 5)  20 (6 5 10)  20 (6 5 29)  20 (6 5 34)  20 (6 5 40)  20 (6 5 54)  20 (6 5 60)  20 (6 5 66)  20 (6 5 86)  20 (6 5 93)  20 (6 5 99)  20 (6 5 116)  20 (6 5 123)  20 (6 5 129)  20
 (5 7 1)  20 (5 7 3)  20 (5 7 7)  20 (5 7 9)  20 (5 7 14)  20 (5 7 15)  20 (5 7 18)  20 (5 7 19)  20 (5 7 20)  20 (5 7 22)  20 (5 7 23)  20 (5 7 24)  20 (5 7 26)  20 (5 7 28)  20 (5 7 30)  20 (5 7 32)  20 (5 7 33)  20 (5 7 36)  20 (5 7 37)  20 (5 7 38)  20 (5 7 39)  20 (5 7 43)  20 (5 7 44)  20 (5 7 47)  20 (5 7 50)  20 (5 7 52)  20 (5 7 55)  20 (5 7 57)  20 (5 7 59)  20 (5 7 61)  20 (5 7 62)  20 (5 7 63)  20 (5 7 65)  20 (5 7 68)  20 (5 7 69)  20 (5 7 70)  20 (5 7 72)  20 (5 7 73)  20 (5 7 75)  20 (5 7 78)  20 (5 7 80)  20 (5 7 82)  20 (5 7 83)  20 (5 7 85)  20 (5 7 87)  20 (5 7 88)  20 (5 7 89)  20 (5 7 90)  20 (5 7 92)  20 (5 7 94)  20 (5 7 95)  20 (5 7 96)  20 (5 7 97)  20 (5 7 98)  20 (5 7 101)  20 (5 7 102)  20 (5 7 104)  20 (5 7 108)  20 (5 7 110)  20 (5 7 112)  20 (5 7 113)  20 (5 7 115)  20 (5 7 117)  20 (5 7 118)  20 (5 7 119)  20 (5 7 120)  20 (5 7 122)  20 (5 7 124)  20 (5 7 125)  20 (5 7 126)  20 (5 7 127)  20 (5 7 128)  20 (5 7 131)  20 (5 7 132)  20 (5 7 134)  20
 (7 8 3)  20 (7 8 14)  20 (7 8 19)  20 (7 8 23)  20 (7 8 30)  20 (7 8 32)  20 (7 8 38)  20 (7 8 44)  20 (7 8 55)  20 (7 8 57)  20 (7 8 65)  20 (7 8 68)  20 (7 8 73)  20 (7 8 82)  20 (7 8 87)  20 (7 8 90)  20 (7 8 92)  20 (7 8 95)  20 (7 8 102)  20 (7 8 112)  20 (7 8 117)  20 (7 8 120)  20 (7 8 122)  20 (7 8 125)  20 (7 8 132)  20 (7 8 5)  20 (7 8 8)  20 (7 8 11)  20 (7 8 17)  20 (7 8 27)  20 (7 8 34)  20 (7 8 41)  20 (7 8 46)  20 (7 8 51)  20 (7 8 58)  20 (7 8 60)  20 (7 8 71)  20 (7 8 77)  20 (7 8 84)  20 (7 8 93)  20 (7 8 103)  20 (7 8 107)  20 (7 8 114)  20 (7 8 123)  20 (7 8 133)  20
 (6 11 15)  20 (6 11 19)  20 (6 11 22)  20 (6 11 33)  20 (6 11 38)  20 (6 11 43)  20 (6 11 83)  20 (6 11 90)  20 (6 11 96)  20 (6 11 113)  20 (6 11 120)  20 (6 11 126)  20 (6 11 6)  20 (6 11 11)  20 (6 11 16)  20 (6 11 35)  20 (6 11 41)  20 (6 11 45)  20 (6 11 49)  20 (6 11 51)  20 (6 11 52)  20 (6 11 56)  20 (6 11 57)  20 (6 11 62)  20 (6 11 63)  20 (6 11 68)  20 (6 11 72)  20 (6 11 79)  20 (6 11 84)  20 (6 11 85)  20 (6 11 91)  20 (6 11 92)  20 (6 11 97)  20 (6 11 98)  20 (6 11 102)  20 (6 11 104)  20 (6 11 109)  20 (6 11 114)  20 (6 11 115)  20 (6 11 121)  20 (6 11 122)  20 (6 11 127)  20 (6 11 128)  20 (6 11 132)  20 (6 11 134)  20
 (6 12 20)  20 (6 12 23)  20 (6 12 24)  20 (6 12 39)  20 (6 12 44)  20 (6 12 47)  20 (6 12 12)  20 (6 12 17)  20 (6 12 21)  20 (6 12 42)  20 (6 12 46)  20 (6 12 48)  20 (6 12 53)  20 (6 12 58)  20 (6 12 59)  20 (6 12 64)  20 (6 12 65)  20 (6 12 69)  20 (6 12 70)  20 (6 12 73)  20 (6 12 75)  20 (6 12 76)  20 (6 12 77)  20 (6 12 78)  20 (6 12 81)  20 (6 12 82)  20 (6 12 83)  20 (6 12 88)  20 (6 12 89)  20 (6 12 90)  20 (6 12 95)  20 (6 12 96)  20 (6 12 101)  20 (6 12 106)  20 (6 12 107)  20 (6 12 108)  20 (6 12 111)  20 (6 12 112)  20 (6 12 113)  20 (6 12 118)  20 (6 12 119)  20 (6 12 120)  20 (6 12 125)  20 (6 12 126)  20 (6 12 131)  20
 (12 11 20)  20 (12 11 23)  20 (12 11 24)  20 (12 11 39)  20 (12 11 44)  20 (12 11 47)  20 (12 11 79)  20 (12 11 80)  20 (12 11 84)  20 (12 11 85)  20 (12 11 86)  20 (12 11 87)  20 (12 11 91)  20 (12 11 92)  20 (12 11 93)  20 (12 11 94)  20 (12 11 97)  20 (12 11 98)  20 (12 11 99)  20 (12 11 100)  20 (12 11 102)  20 (12 11 103)  20 (12 11 104)  20 (12 11 105)  20 (12 11 109)  20 (12 11 110)  20 (12 11 114)  20 (12 11 115)  20 (12 11 116)  20 (12 11 117)  20 (12 11 121)  20 (12 11 122)  20 (12 11 123)  20 (12 11 124)  20 (12 11 127)  20 (12 11 128)  20 (12 11 129)  20 (12 11 130)  20 (12 11 132)  20 (12 11 133)  20 (12 11 134)  20 (12 11 135)  20 (12 11 12)  20 (12 11 17)  20 (12 11 21)  20 (12 11 42)  20 (12 11 46)  20 (12 11 48)  20 (12 11 53)  20 (12 11 58)  20 (12 11 59)  20 (12 11 64)  20 (12 11 65)  20 (12 11 69)  20 (12 11 70)  20 (12 11 73)  20 (12 11 75)  20
 (11 5 15)  20 (11 5 19)  20 (11 5 20)  20 (11 5 22)  20 (11 5 23)  20 (11 5 24)  20 (11 5 33)  20 (11 5 38)  20 (11 5 39)  20 (11 5 43)  20 (11 5 44)  20 (11 5 47)  20 (11 5 50)  20 (11 5 54)  20 (11 5 55)  20 (11 5 60)  20 (11 5 61)  20 (11 5 66)  20 (11 5 67)  20 (11 5 71)  20 (11 5 74)  20 (11 5 80)  20 (11 5 83)  20 (11 5 86)  20 (11 5 87)  20 (11 5 90)  20 (11 5 93)  20 (11 5 94)  20 (11 5 96)  20 (11 5 99)  20 (11 5 100)  20 (11 5 103)  20 (11 5 105)  20 (11 5 110)  20 (11 5 113)  20 (11 5 116)  20 (11 5 117)  20 (11 5 120)  20 (11 5 123)  20 (11 5 124)  20 (11 5 126)  20 (11 5 129)  20 (11 5 130)  20 (11 5 133)  20 (11 5 135)  20 (11 5 6)  20 (11 5 11)  20 (11 5 12)  20 (11 5 16)  20 (11 5 17)  20 (11 5 21)  20 (11 5 35)  20 (11 5 41)  20 (11 5 42)  20 (11 5 45)  20 (11 5 46)  20 (11 5 48)  20
 (10 6 4)  20 (10 6 8)  20 (10 6 9)  20 (10 6 13)  20 (10 6 14)  20 (10 6 15)  20 (10 6 18)  20 (10 6 19)  20 (10 6 20)  20 (10 6 22)  20 (10 6 23)  20 (10 6 24)  20 (10 6 25)  20 (10 6 27)  20 (10 6 28)  20 (10 6 31)  20 (10 6 32)  20 (10 6 33)  20 (10 6 37)  20 (10 6 38)  20 (10 6 39)  20 (10 6 43)  20 (10 6 44)  20 (10 6 47)  20 (10 6 67)  20 (10 6 71)  20 (10 6 74)  20 (10 6 100)  20 (10 6 103)  20 (10 6 105)  20 (10 6 130)  20 (10 6 133)  20 (10 6 135)  20 (10 6 62)  20 (10 6 68)  20 (10 6 69)  20 (10 6 72)  20 (10 6 73)  20 (10 6 75)  20 (10 6 88)  20 (10 6 95)  20 (10 6 97)  20 (10 6 101)  20 (10 6 102)  20 (10 6 104)  20 (10 6 118)  20 (10 6 125)  20 (10 6 127)  20 (10 6 131)  20 (10 6 132)  20 (10 6 134)  20
 (9 5 1)  20 (9 5 2)  20 (9 5 3)  20 (9 5 5)  20 (9 5 6)  20 (9 5 7)  20 (9 5 10)  20 (9 5 11)  20 (9 5 12)  20 (9 5 16)  20 (9 5 17)  20 (9 5 21)  20 (9 5 26)  20 (9 5 29)  20 (9 5 30)  20 (9 5 34)  20 (9 5 35)  20 (9 5 36)  20 (9 5 40)  20 (9 5 41)  20 (9 5 42)  20 (9 5 45)  20 (9 5 46)  20 (9 5 48)  20 (9 5 62)  20 (9 5 68)  20 (9 5 69)  20 (9 5 72)  20 (9 5 73)  20 (9 5 75)  20 (9 5 88)  20 (9 5 95)  20 (9 5 97)  20 (9 5 101)  20 (9 5 102)  20 (9 5 104)  20 (9 5 118)  20 (9 5 125)  20 (9 5 127)  20 (9 5 131)  20 (9 5 132)  20 (9 5 134)  20 (9 5 67)  20 (9 5 71)  20 (9 5 74)  20 (9 5 100)  20 (9 5 103)  20 (9 5 105)  20 (9 5 130)  20 (9 5 133)  20 (9 5 135)  20
 (9 10 4)  20 (9 10 8)  20 (9 10 9)  20 (9 10 13)  20 (9 10 14)  20 (9 10 15)  20 (9 10 18)  20 (9 10 19)  20 (9 10 20)  20 (9 10 22)  20 (9 10 23)  20 (9 10 24)  20 (9 10 67)  20 (9 10 71)  20 (9 10 74)  20 (9 10 100)  20 (9 10 103)  20 (9 10 105)  20 (9 10 130)  20 (9 10 133)  20 (9 10 135)  20 (9 10 26)  20 (9 10 29)  20 (9 10 30)  20 (9 10 34)  20 (9 10 35)  20 (9 10 36)  20 (9 10 40)  20 (9 10 41)  20 (9 10 42)  20 (9 10 45)  20 (9 10 46)  20 (9 10 48)  20 (9 10 62)  20 (9 10 68)  20 (9 10 69)  20 (9 10 72)  20 (9 10 73)  20 (9 10 75)  20 (9 10 88)  20 (9 10 95)  20 (9 10 97)  20 (9 10 101)  20 (9 10 102)  20 (9 10 104)  20 (9 10 118)  20 (9 10 125)  20 (9 10 127)  20 (9 10 131)  20 (9 10 132)  20 (9 10 134)  20
 (7 14 7)  20 (7 14 18)  20 (7 14 22)  20 (7 14 24)  20 (7 14 26)  20 (7 14 27)  20 (7 14 28)  20 (7 14 31)  20 (7 14 33)  20 (7 14 34)  20 (7 14 39)  20 (7 14 40)  20 (7 14 41)  20 (7 14 45)  20 (7 14 46)  20 (7 14 48)  20 (7 14 61)  20 (7 14 63)  20 (7 14 70)  20 (7 14 72)  20 (7 14 75)  20 (7 14 89)  20 (7 14 94)  20 (7 14 96)  20 (7 14 98)  20 (7 14 101)  20 (7 14 104)  20 (7 14 107)  20 (7 14 108)  20 (7 14 110)  20 (7 14 111)  20 (7 14 113)  20 (7 14 114)  20 (7 14 115)  20 (7 14 118)  20 (7 14 121)  20 (7 14 123)  20 (7 14 127)  20 (7 14 129)  20 (7 14 133)  20 (7 14 135)  20 (7 14 10)  20 (7 14 13)  20 (7 14 16)  20 (7 14 21)  20 (7 14 56)  20 (7 14 64)  20 (7 14 66)  20 (7 14 74)  20 (7 14 81)  20 (7 14 91)  20 (7 14 99)  20 (7 14 105)  20
 (8 14 10)  20 (8 14 13)  20 (8 14 16)  20 (8 14 21)  20 (8 14 25)  20 (8 14 29)  20 (8 14 30)  20 (8 14 32)  20 (8 14 35)  20 (8 14 36)  20 (8 14 37)  20 (8 14 38)  20 (8 14 42)  20 (8 14 43)  20 (8 14 44)  20 (8 14 47)  20 (8 14 56)  20 (8 14 64)  20 (8 14 66)  20 (8 14 74)  20 (8 14 81)  20 (8 14 91)  20 (8 14 99)  20 (8 14 105)  20 (8 14 106)  20 (8 14 109)  20 (8 14 112)  20 (8 14 116)  20 (8 14 117)  20 (8 14 119)  20 (8 14 120)  20 (8 14 122)  20 (8 14 124)  20 (8 14 125)  20 (8 14 126)  20 (8 14 128)  20 (8 14 130)  20 (8 14 131)  20 (8 14 132)  20 (8 14 134)  20 (8 14 7)  20 (8 14 18)  20 (8 14 22)  20 (8 14 24)  20 (8 14 61)  20 (8 14 63)  20 (8 14 70)  20 (8 14 72)  20 (8 14 75)  20 (8 14 89)  20 (8 14 94)  20 (8 14 96)  20 (8 14 98)  20 (8 14 101)  20 (8 14 104)  20
 (2 10 25)  20 (2 10 26)  20 (2 10 27)  20 (2 10 28)  20 (2 10 29)  20 (2 10 30)  20 (2 10 31)  20 (2 10 32)  20 (2 10 33)  20 (2 10 34)  20 (2 10 35)  20 (2 10 36)  20 (2 10 37)  20 (2 10 38)  20 (2 10 39)  20 (2 10 40)  20 (2 10 41)  20 (2 10 42)  20 (2 10 43)  20 (2 10 44)  20 (2 10 45)  20 (2 10 46)  20 (2 10 47)  20 (2 10 48)  20
 (3 11 49)  20 (3 11 50)  20 (3 11 51)  20 (3 11 52)  20 (3 11 53)  20 (3 11 54)  20 (3 11 55)  20 (3 11 56)  20 (3 11 57)  20 (3 11 58)  20 (3 11 59)  20 (3 11 60)  20 (3 11 61)  20 (3 11 62)  20 (3 11 63)  20 (3 11 64)  20 (3 11 65)  20 (3 11 66)  20 (3 11 67)  20 (3 11 68)  20 (3 11 69)  20 (3 11 70)  20 (3 11 71)  20 (3 11 72)  20 (3 11 73)  20 (3 11 74)  20 (3 11 75)  20
 (4 12 76)  20 (4 12 77)  20 (4 12 78)  20 (4 12 79)  20 (4 12 80)  20 (4 12 81)  20 (4 12 82)  20 (4 12 83)  20 (4 12 84)  20 (4 12 85)  20 (4 12 86)  20 (4 12 87)  20 (4 12 88)  20 (4 12 89)  20 (4 12 90)  20 (4 12 91)  20 (4 12 92)  20 (4 12 93)  20 (4 12 94)  20 (4 12 95)  20 (4 12 96)  20 (4 12 97)  20 (4 12 98)  20 (4 12 99)  20 (4 12 100)  20 (4 12 101)  20 (4 12 102)  20 (4 12 103)  20 (4 12 104)  20 (4 12 105)  20 (4 12 106)  20 (4 12 107)  20 (4 12 108)  20 (4 12 109)  20 (4 12 110)  20 (4 12 111)  20 (4 12 112)  20 (4 12 113)  20 (4 12 114)  20 (4 12 115)  20 (4 12 116)  20 (4 12 117)  20 (4 12 118)  20 (4 12 119)  20 (4 12 120)  20 (4 12 121)  20 (4 12 122)  20 (4 12 123)  20 (4 12 124)  20 (4 12 125)  20 (4 12 126)  20 (4 12 127)  20 (4 12 128)  20 (4 12 129)  20 (4 12 130)  20 (4 12 131)  20 (4 12 132)  20 (4 12 133)  20 (4 12 134)  20 (4 12 135)  20
 (1 9 1)  20 (1 9 2)  20 (1 9 3)  20 (1 9 4)  20 (1 9 5)  20 (1 9 6)  20 (1 9 7)  20 (1 9 8)  20 (1 9 9)  20 (1 9 10)  20 (1 9 11)  20 (1 9 12)  20 (1 9 13)  20 (1 9 14)  20 (1 9 15)  20 (1 9 16)  20 (1 9 17)  20 (1 9 18)  20 (1 9 19)  20 (1 9 20)  20 (1 9 21)  20 (1 9 22)  20 (1 9 23)  20 (1 9 24)  20
]

D_PathAvailability: [0.981416 0.976544 0.978596 0.969927 0.968103 0.972709 0.968467 0.961544 0.961068 0.958083 0.964302 0.969043 0.951591 0.958306 0.957294 0.95432 0.960668 0.948387 0.954543 0.953686 0.950724 0.944663 0.950946 0.941102 0.97061 0.972621 0.964407 0.963929 0.965599 0.967628 0.959737 0.958981 0.960144 0.959428 0.961807 0.962942 0.954337 0.955215 0.956525 0.954782 0.95566 0.958182 0.950589 0.951615 0.951032 0.952059 0.947007 0.947448 0.980949 0.985179 0.97247 0.971988 0.977252 0.980288 0.982349 0.962404 0.969196 0.968806 0.968325 0.971816 0.97218 0.964147 0.959164 0.958777 0.965543 0.961756 0.97238 0.961377 0.960513 0.955549 0.963976 0.951426 0.957754 0.953997 0.94784 0.981125 0.972645 0.972163 0.969339 0.973519 0.962577 0.96937 0.968346 0.960961 0.960485 0.968686 0.970722 0.96432 0.959336 0.965563 0.951014 0.957725 0.960314 0.960674 0.96155 0.955569 0.952736 0.947812 0.950374 0.960872 0.951597 0.949999 0.952567 0.940165 0.942707 0.977296 0.971051 0.97057 0.965556 0.971924 0.966348 0.965587 0.966758 0.959386 0.95891 0.964906 0.966934 0.96274 0.960911 0.961795 0.95474 0.953988 0.95874 0.962252 0.957797 0.957138 0.951175 0.949368 0.954097 0.957122 0.953159 0.946292 0.951005 0.941709 0.9464 ]

C_PathCost: [260 300 340 300 380 500 340 380 340 380 580 660 380 420 540 580 740 420 620 700 740 620 780 780 260 300 340 300 340 380 340 380 500 420 540 380 380 580 660 420 620 700 580 740 620 780 740 780 340 340 420 380 500 380 420 420 460 580 540 460 420 460 460 580 620 460 460 540 620 620 540 540 700 540 700 380 460 420 460 460 460 500 620 540 500 500 540 500 500 700 540 580 580 540 580 700 580 580 580 580 580 660 660 660 660 380 460 420 460 460 460 500 620 540 500 500 540 500 500 700 540 580 580 540 580 700 580 580 580 580 580 660 660 660 660 ]

D_CombinationAvailability: [
 (1 1) 0.981416 (1 2) 0.967311 (1 3) 0.971996 (1 4) 0.960132 (1 5) 0.965462 (1 6) 0.963512 (1 7) 0.961935 (1 8) 0.958297 (1 9) 0.960442 (1 10) 0.955468 (1 11) 0.961671 (1 12) 0.959881 (1 13) 0.948377 (1 14) 0.951224 (1 15) 0.956671 (1 16) 0.951716 (1 17) 0.958046 (1 18) 0.941377 (1 19) 0.947488 (1 20) 0.953065 (1 21) 0.94813 (1 22) 0.937681 (1 23) 0.943917 (1 24) 0.934147 (2 1) 0.967311 (2 2) 0.976544 (2 3) 0.968267 (2 4) 0.962461 (2 5) 0.964368 (2 6) 0.96585 (2 7) 0.958245 (2 8) 0.950461 (2 9) 0.946639 (2 10) 0.954386 (2 11) 0.953807 (2 12) 0.96221 (2 13) 0.940623 (2 14) 0.947575 (2 15) 0.942921 (2 16) 0.943935 (2 17) 0.950213 (2 18) 0.937766 (2 19) 0.943854 (2 20) 0.939368 (2 21) 0.940377 (2 22) 0.934084 (2 23) 0.940297 (2 24) 0.930564 (3 1) 0.971996 (3 2) 0.968267 (3 3) 0.978596 (3 4) 0.961081 (3 5) 0.956195 (3 6) 0.964465 (3 7) 0.962886 (3 8) 0.949098 (3 9) 0.951224 (3 10) 0.946297 (3 11) 0.95244 (3 12) 0.96083 (3 13) 0.939274 (3 14) 0.957683 (3 15) 0.947488 (3 16) 0.942581 (3 17) 0.948851 (3 18) 0.942309 (3 19) 0.953922 (3 20) 0.943917 (3 21) 0.939029 (3 22) 0.938608 (3 23) 0.950327 (3 24) 0.935071 (4 1) 0.960132 (4 2) 0.962461 (4 3) 0.961081 (4 4) 0.969927 (4 5) 0.950461 (4 6) 0.958682 (4 7) 0.951133 (4 8) 0.957834 (4 9) 0.953982 (4 10) 0.940623 (4 11) 0.946729 (4 12) 0.955069 (4 13) 0.94792 (4 14) 0.954926 (4 15) 0.950236 (4 16) 0.936929 (4 17) 0.943161 (4 18) 0.945041 (4 19) 0.951176 (4 20) 0.946655 (4 21) 0.933398 (4 22) 0.94133 (4 23) 0.947591 (4 24) 0.937782 (5 1) 0.965462 (5 2) 0.964368 (5 3) 0.956195 (5 4) 0.950461 (5 5) 0.968103 (5 6) 0.953807 (5 7) 0.946297 (5 8) 0.954143 (5 9) 0.944829 (5 10) 0.952562 (5 11) 0.957502 (5 12) 0.950213 (5 13) 0.938825 (5 14) 0.93576 (5 15) 0.941119 (5 16) 0.94213 (5 17) 0.953893 (5 18) 0.926074 (5 19) 0.932086 (5 20) 0.937572 (5 21) 0.93858 (5 22) 0.922438 (5 23) 0.928573 (5 24) 0.918961 (6 1) 0.963512 (6 2) 0.96585 (6 3) 0.964465 (6 4) 0.958682 (6 5) 0.953807 (6 6) 0.972709 (6 7) 0.954482 (6 8) 0.946729 (6 9) 0.942921 (6 10) 0.943935 (6 11) 0.960581 (6 12) 0.960642 (6 13) 0.936929 (6 14) 0.943854 (6 15) 0.939218 (6 16) 0.950638 (6 17) 0.948665 (6 18) 0.934084 (6 19) 0.940147 (6 20) 0.935679 (6 21) 0.938845 (6 22) 0.930416 (6 23) 0.936604 (6 24) 0.926909 (7 1) 0.961935 (7 2) 0.958245 (7 3) 0.962886 (7 4) 0.951133 (7 5) 0.946297 (7 6) 0.954482 (7 7) 0.968467 (7 8) 0.939274 (7 9) 0.941377 (7 10) 0.936502 (7 11) 0.942581 (7 12) 0.950885 (7 13) 0.929552 (7 14) 0.942309 (7 15) 0.937681 (7 16) 0.932825 (7 17) 0.939029 (7 18) 0.94777 (7 19) 0.938608 (7 20) 0.934147 (7 21) 0.929309 (7 22) 0.944048 (7 23) 0.935071 (7 24) 0.94049 (8 1) 0.958297 (8 2) 0.950461 (8 3) 0.949098 (8 4) 0.957834 (8 5) 0.954143 (8 6) 0.946729 (8 7) 0.939274 (8 8) 0.961544 (8 9) 0.952159 (8 10) 0.938825 (8 11) 0.950396 (8 12) 0.943161 (8 13) 0.946108 (8 14) 0.94302 (8 15) 0.94842 (8 16) 0.935138 (8 17) 0.946814 (8 18) 0.933258 (8 19) 0.939316 (8 20) 0.944845 (8 21) 0.931614 (8 22) 0.929593 (8 23) 0.935776 (8 24) 0.92609 (9 1) 0.960442 (9 2) 0.946639 (9 3) 0.951224 (9 4) 0.953982 (9 5) 0.944829 (9 6) 0.942921 (9 7) 0.941377 (9 8) 0.952159 (9 9) 0.961068 (9 10) 0.935049 (9 11) 0.941119 (9 12) 0.939368 (9 13) 0.942303 (9 14) 0.951843 (9 15) 0.950543 (9 16) 0.931377 (9 17) 0.937572 (9 18) 0.94199 (9 19) 0.941419 (9 20) 0.946961 (9 21) 0.927867 (9 22) 0.931675 (9 23) 0.937872 (9 24) 0.928164 (10 1) 0.955468 (10 2) 0.954386 (10 3) 0.946297 (10 4) 0.940623 (10 5) 0.952562 (10 6) 0.943935 (10 7) 0.936502 (10 8) 0.938825 (10 9) 0.935049 (10 10) 0.958083 (10 11) 0.94213 (10 12) 0.940377 (10 13) 0.944266 (10 14) 0.926074 (10 15) 0.931377 (10 16) 0.947591 (10 17) 0.93858 (10 18) 0.916489 (10 19) 0.922438 (10 20) 0.927867 (10 21) 0.94402 (10 22) 0.912889 (10 23) 0.918961 (10 24) 0.909449 (11 1) 0.961671 (11 2) 0.953807 (11 3) 0.95244 (11 4) 0.946729 (11 5) 0.957502 (11 6) 0.960581 (11 7) 0.942581 (11 8) 0.950396 (11 9) 0.941119 (11 10) 0.94213 (11 11) 0.964302 (11 12) 0.948665 (11 13) 0.935138 (11 14) 0.932086 (11 15) 0.937423 (11 16) 0.948821 (11 17) 0.952339 (11 18) 0.922438 (11 19) 0.928425 (11 20) 0.93389 (11 21) 0.937051 (11 22) 0.918815 (11 23) 0.924927 (11 24) 0.915353 (12 1) 0.959881 (12 2) 0.96221 (12 3) 0.96083 (12 4) 0.955069 (12 5) 0.950213 (12 6) 0.960642 (12 7) 0.950885 (12 8) 0.943161 (12 9) 0.939368 (12 10) 0.940377 (12 11) 0.948665 (12 12) 0.969043 (12 13) 0.933398 (12 14) 0.940297 (12 15) 0.935679 (12 16) 0.938845 (12 17) 0.956961 (12 18) 0.930564 (12 19) 0.936604 (12 20) 0.932152 (12 21) 0.947055 (12 22) 0.926909 (12 23) 0.933074 (12 24) 0.923416 (13 1) 0.948377 (13 2) 0.940623 (13 3) 0.939274 (13 4) 0.94792 (13 5) 0.938825 (13 6) 0.936929 (13 7) 0.929552 (13 8) 0.946108 (13 9) 0.942303 (13 10) 0.944266 (13 11) 0.935138 (13 12) 0.933398 (13 13) 0.951591 (13 14) 0.933258 (13 15) 0.938603 (13 16) 0.940558 (13 17) 0.931614 (13 18) 0.923598 (13 19) 0.929593 (13 20) 0.935065 (13 21) 0.937013 (13 22) 0.919971 (13 23) 0.92609 (13 24) 0.916504 (14 1) 0.951224 (14 2) 0.947575 (14 3) 0.957683 (14 4) 0.954926 (14 5) 0.93576 (14 6) 0.943854 (14 7) 0.942309 (14 8) 0.94302 (14 9) 0.951843 (14 10) 0.926074 (14 11) 0.932086 (14 12) 0.940297 (14 13) 0.933258 (14 14) 0.958306 (14 15) 0.941419 (14 16) 0.922438 (14 17) 0.928573 (14 18) 0.942922 (14 19) 0.947812 (14 20) 0.937872 (14 21) 0.918961 (14 22) 0.932596 (14 23) 0.94424 (14 24) 0.929082 (15 1) 0.956671 (15 2) 0.942921 (15 3) 0.947488 (15 4) 0.950236 (15 5) 0.941119 (15 6) 0.939218 (15 7) 0.937681 (15 8) 0.94842 (15 9) 0.950543 (15 10) 0.931377 (15 11) 0.937423 (15 12) 0.935679 (15 13) 0.938603 (15 14) 0.941419 (15 15) 0.957294 (15 16) 0.92772 (15 17) 0.93389 (15 18) 0.931675 (15 19) 0.948105 (15 20) 0.945418 (15 21) 0.924224 (15 22) 0.938291 (15 23) 0.936344 (15 24) 0.926651 (16 1) 0.951716 (16 2) 0.943935 (16 3) 0.942581 (16 4) 0.936929 (16 5) 0.94213 (16 6) 0.950638 (16 7) 0.932825 (16 8) 0.935138 (16 9) 0.931377 (16 10) 0.947591 (16 11) 0.948821 (16 12) 0.938845 (16 13) 0.940558 (16 14) 0.922438 (16 15) 0.92772 (16 16) 0.95432 (16 17) 0.937051 (16 18) 0.912889 (16 19) 0.918815 (16 20) 0.924224 (16 21) 0.942482 (16 22) 0.909305 (16 23) 0.915353 (16 24) 0.905878 (17 1) 0.958046 (17 2) 0.950213 (17 3) 0.948851 (17 4) 0.943161 (17 5) 0.953893 (17 6) 0.948665 (17 7) 0.939029 (17 8) 0.946814 (17 9) 0.937572 (17 10) 0.93858 (17 11) 0.952339 (17 12) 0.956961 (17 13) 0.931614 (17 14) 0.928573 (17 15) 0.93389 (17 16) 0.937051 (17 17) 0.960668 (17 18) 0.918961 (17 19) 0.924927 (17 20) 0.930371 (17 21) 0.945245 (17 22) 0.915353 (17 23) 0.921441 (17 24) 0.911903 (18 1) 0.941377 (18 2) 0.937766 (18 3) 0.942309 (18 4) 0.945041 (18 5) 0.926074 (18 6) 0.934084 (18 7) 0.94777 (18 8) 0.933258 (18 9) 0.94199 (18 10) 0.916489 (18 11) 0.922438 (18 12) 0.930564 (18 13) 0.923598 (18 14) 0.942922 (18 15) 0.931675 (18 16) 0.912889 (18 17) 0.918961 (18 18) 0.948387 (18 19) 0.932596 (18 20) 0.928164 (18 21) 0.909449 (18 22) 0.938001 (18 23) 0.929082 (18 24) 0.934466 (19 1) 0.947488 (19 2) 0.943854 (19 3) 0.953922 (19 4) 0.951176 (19 5) 0.932086 (19 6) 0.940147 (19 7) 0.938608 (19 8) 0.939316 (19 9) 0.941419 (19 10) 0.922438 (19 11) 0.928425 (19 12) 0.936604 (19 13) 0.929593 (19 14) 0.947812 (19 15) 0.948105 (19 16) 0.918815 (19 17) 0.924927 (19 18) 0.932596 (19 19) 0.954543 (19 20) 0.936344 (19 21) 0.915353 (19 22) 0.939219 (19 23) 0.942702 (19 24) 0.927568 (20 1) 0.953065 (20 2) 0.939368 (20 3) 0.943917 (20 4) 0.946655 (20 5) 0.937572 (20 6) 0.935679 (20 7) 0.934147 (20 8) 0.944845 (20 9) 0.946961 (20 10) 0.927867 (20 11) 0.93389 (20 12) 0.932152 (20 13) 0.935065 (20 14) 0.937872 (20 15) 0.945418 (20 16) 0.924224 (20 17) 0.930371 (20 18) 0.928164 (20 19) 0.936344 (20 20) 0.953686 (20 21) 0.920741 (20 22) 0.926651 (20 23) 0.944532 (20 24) 0.934755 (21 1) 0.94813 (21 2) 0.940377 (21 3) 0.939029 (21 4) 0.933398 (21 5) 0.93858 (21 6) 0.938845 (21 7) 0.929309 (21 8) 0.931614 (21 9) 0.927867 (21 10) 0.94402 (21 11) 0.937051 (21 12) 0.947055 (21 13) 0.937013 (21 14) 0.918961 (21 15) 0.924224 (21 16) 0.942482 (21 17) 0.945245 (21 18) 0.909449 (21 19) 0.915353 (21 20) 0.920741 (21 21) 0.950724 (21 22) 0.905878 (21 23) 0.911903 (21 24) 0.902464 (22 1) 0.937681 (22 2) 0.934084 (22 3) 0.938608 (22 4) 0.94133 (22 5) 0.922438 (22 6) 0.930416 (22 7) 0.944048 (22 8) 0.929593 (22 9) 0.931675 (22 10) 0.912889 (22 11) 0.918815 (22 12) 0.926909 (22 13) 0.919971 (22 14) 0.932596 (22 15) 0.938291 (22 16) 0.909305 (22 17) 0.915353 (22 18) 0.938001 (22 19) 0.939219 (22 20) 0.926651 (22 21) 0.905878 (22 22) 0.944663 (22 23) 0.927568 (22 24) 0.932944 (23 1) 0.943917 (23 2) 0.940297 (23 3) 0.950327 (23 4) 0.947591 (23 5) 0.928573 (23 6) 0.936604 (23 7) 0.935071 (23 8) 0.935776 (23 9) 0.937872 (23 10) 0.918961 (23 11) 0.924927 (23 12) 0.933074 (23 13) 0.92609 (23 14) 0.94424 (23 15) 0.936344 (23 16) 0.915353 (23 17) 0.921441 (23 18) 0.929082 (23 19) 0.942702 (23 20) 0.944532 (23 21) 0.911903 (23 22) 0.927568 (23 23) 0.950946 (23 24) 0.93568 (24 1) 0.934147 (24 2) 0.930564 (24 3) 0.935071 (24 4) 0.937782 (24 5) 0.918961 (24 6) 0.926909 (24 7) 0.94049 (24 8) 0.92609 (24 9) 0.928164 (24 10) 0.909449 (24 11) 0.915353 (24 12) 0.923416 (24 13) 0.916504 (24 14) 0.929082 (24 15) 0.926651 (24 16) 0.905878 (24 17) 0.911903 (24 18) 0.934466 (24 19) 0.927568 (24 20) 0.934755 (24 21) 0.902464 (24 22) 0.932944 (24 23) 0.93568 (24 24) 0.941102 (25 25) 0.97061 (25 26) 0.953506 (25 27) 0.956937 (25 28) 0.953088 (25 29) 0.957389 (25 30) 0.956016 (25 31) 0.952303 (25 32) 0.955598 (25 33) 0.949346 (25 34) 0.943902 (25 35) 0.953629 (25 36) 0.951387 (25 37) 0.95097 (25 38) 0.951845 (25 39) 0.945768 (25 40) 0.939331 (25 41) 0.940196 (25 42) 0.950035 (25 43) 0.947235 (25 44) 0.948258 (25 45) 0.935643 (25 46) 0.936652 (25 47) 0.943666 (25 48) 0.932117 (26 25) 0.953506 (26 26) 0.972621 (26 27) 0.955412 (26 28) 0.957551 (26 29) 0.954901 (26 30) 0.959526 (26 31) 0.950785 (26 32) 0.94466 (26 33) 0.953791 (26 34) 0.95681 (26 35) 0.951151 (26 36) 0.95488 (26 37) 0.940085 (26 38) 0.94095 (26 39) 0.950197 (26 40) 0.952176 (26 41) 0.953053 (26 42) 0.947567 (26 43) 0.936393 (26 44) 0.937404 (26 45) 0.948437 (26 46) 0.949461 (26 47) 0.932864 (26 48) 0.944863 (27 25) 0.956937 (27 26) 0.955412 (27 27) 0.964407 (27 28) 0.954994 (27 29) 0.943902 (27 30) 0.942549 (27 31) 0.954206 (27 32) 0.942136 (27 33) 0.951243 (27 34) 0.951271 (27 35) 0.940196 (27 36) 0.937985 (27 37) 0.937574 (27 38) 0.938436 (27 39) 0.947658 (27 40) 0.941209 (27 41) 0.947535 (27 42) 0.936652 (27 43) 0.933892 (27 44) 0.9349 (27 45) 0.937513 (27 46) 0.943964 (27 47) 0.930372 (27 48) 0.93398 (28 25) 0.953088 (28 26) 0.957551 (28 27) 0.954994 (28 28) 0.963929 (28 29) 0.940106 (28 30) 0.94466 (28 31) 0.950369 (28 32) 0.950951 (28 33) 0.953373 (28 34) 0.941985 (28 35) 0.936414 (28 36) 0.940085 (28 37) 0.946346 (28 38) 0.940538 (28 39) 0.94978 (28 40) 0.937424 (28 41) 0.938286 (28 42) 0.932885 (28 43) 0.935983 (28 44) 0.936993 (28 45) 0.933742 (28 46) 0.93475 (28 47) 0.932456 (28 48) 0.930223 (29 25) 0.957389 (29 26) 0.954901 (29 27) 0.943902 (29 28) 0.940106 (29 29) 0.965599 (29 30) 0.957415 (29 31) 0.939331 (29 32) 0.942581 (29 33) 0.936414 (29 34) 0.951996 (29 35) 0.955025 (29 36) 0.952779 (29 37) 0.938017 (29 38) 0.93888 (29 39) 0.932885 (29 40) 0.947386 (29 41) 0.941571 (29 42) 0.951425 (29 43) 0.934333 (29 44) 0.935341 (29 45) 0.937012 (29 46) 0.938023 (29 47) 0.930812 (29 48) 0.93348 (30 25) 0.956016 (30 26) 0.959526 (30 27) 0.942549 (30 28) 0.94466 (30 29) 0.957415 (30 30) 0.967628 (30 31) 0.937985 (30 32) 0.952636 (30 33) 0.94095 (30 34) 0.943928 (30 35) 0.953655 (30 36) 0.957393 (30 37) 0.94256 (30 38) 0.948895 (30 39) 0.937404 (30 40) 0.939357 (30 41) 0.940221 (30 42) 0.950061 (30 43) 0.938858 (30 44) 0.945319 (30 45) 0.935668 (30 46) 0.936678 (30 47) 0.93532 (30 48) 0.932142 (31 25) 0.952303 (31 26) 0.950785 (31 27) 0.954206 (31 28) 0.950369 (31 29) 0.939331 (31 30) 0.937985 (31 31) 0.959737 (31 32) 0.937574 (31 33) 0.946637 (31 34) 0.941209 (31 35) 0.935643 (31 36) 0.933442 (31 37) 0.933033 (31 38) 0.933892 (31 39) 0.943069 (31 40) 0.946664 (31 41) 0.937513 (31 42) 0.932117 (31 43) 0.929369 (31 44) 0.930372 (31 45) 0.942946 (31 46) 0.93398 (31 47) 0.925867 (31 48) 0.939393 (32 25) 0.955598 (32 26) 0.94466 (32 27) 0.942136 (32 28) 0.950951 (32 29) 0.942581 (32 30) 0.952636 (32 31) 0.937574 (32 32) 0.958981 (32 33) 0.940538 (32 34) 0.929303 (32 35) 0.93888 (32 36) 0.94256 (32 37) 0.948838 (32 38) 0.948479 (32 39) 0.936993 (32 40) 0.924803 (32 41) 0.925654 (32 42) 0.935341 (32 43) 0.938447 (32 44) 0.944905 (32 45) 0.921171 (32 46) 0.922165 (32 47) 0.93491 (32 48) 0.9177 (33 25) 0.949346 (33 26) 0.953791 (33 27) 0.951243 (33 28) 0.953373 (33 29) 0.936414 (33 30) 0.94095 (33 31) 0.946637 (33 32) 0.940538 (33 33) 0.960144 (33 34) 0.938286 (33 35) 0.932737 (33 36) 0.936393 (33 37) 0.935983 (33 38) 0.947217 (33 39) 0.948233 (33 40) 0.933742 (33 41) 0.934602 (33 42) 0.929222 (33 43) 0.94263 (33 44) 0.935466 (33 45) 0.930076 (33 46) 0.931079 (33 47) 0.930936 (33 48) 0.926571 (34 25) 0.943902 (34 26) 0.95681 (34 27) 0.951271 (34 28) 0.941985 (34 29) 0.951996 (34 30) 0.943928 (34 31) 0.941209 (34 32) 0.929303 (34 33) 0.938286 (34 34) 0.959428 (34 35) 0.941571 (34 36) 0.939357 (34 37) 0.924803 (34 38) 0.925654 (34 39) 0.93475 (34 40) 0.94928 (34 41) 0.948921 (34 42) 0.938023 (34 43) 0.921171 (34 44) 0.922165 (34 45) 0.938885 (34 46) 0.945345 (34 47) 0.9177 (34 48) 0.935346 (35 25) 0.953629 (35 26) 0.951151 (35 27) 0.940196 (35 28) 0.936414 (35 29) 0.955025 (35 30) 0.953655 (35 31) 0.935643 (35 32) 0.93888 (35 33) 0.932737 (35 34) 0.941571 (35 35) 0.961807 (35 36) 0.949037 (35 37) 0.934333 (35 38) 0.935193 (35 39) 0.929222 (35 40) 0.937012 (35 41) 0.948258 (35 42) 0.949875 (35 43) 0.930664 (35 44) 0.931668 (35 45) 0.943666 (35 46) 0.936495 (35 47) 0.927156 (35 48) 0.931959 (36 25) 0.951387 (36 26) 0.95488 (36 27) 0.937985 (36 28) 0.940085 (36 29) 0.952779 (36 30) 0.957393 (36 31) 0.933442 (36 32) 0.94256 (36 33) 0.936393 (36 34) 0.939357 (36 35) 0.949037 (36 36) 0.962942 (36 37) 0.948023 (36 38) 0.938858 (36 39) 0.932864 (36 40) 0.934808 (36 41) 0.935668 (36 42) 0.94546 (36 43) 0.9443 (36 44) 0.93532 (36 45) 0.931137 (36 46) 0.932142 (36 47) 0.940741 (36 48) 0.927628 (37 25) 0.95097 (37 26) 0.940085 (37 27) 0.937574 (37 28) 0.946346 (37 29) 0.938017 (37 30) 0.94256 (37 31) 0.933033 (37 32) 0.948838 (37 33) 0.935983 (37 34) 0.924803 (37 35) 0.934333 (37 36) 0.948023 (37 37) 0.954337 (37 38) 0.938447 (37 39) 0.932456 (37 40) 0.920324 (37 41) 0.921171 (37 42) 0.930812 (37 43) 0.943886 (37 44) 0.93491 (37 45) 0.91671 (37 46) 0.9177 (37 47) 0.940329 (37 48) 0.913255 (38 25) 0.951845 (38 26) 0.94095 (38 27) 0.938436 (38 28) 0.940538 (38 29) 0.93888 (38 30) 0.948895 (38 31) 0.933892 (38 32) 0.948479 (38 33) 0.947217 (38 34) 0.925654 (38 35) 0.935193 (38 36) 0.938858 (38 37) 0.938447 (38 38) 0.955215 (38 39) 0.935466 (38 40) 0.921171 (38 41) 0.922019 (38 42) 0.931668 (38 43) 0.945112 (38 44) 0.943365 (38 45) 0.917554 (38 46) 0.918544 (38 47) 0.933387 (38 48) 0.914096 (39 25) 0.945768 (39 26) 0.950197 (39 27) 0.947658 (39 28) 0.94978 (39 29) 0.932885 (39 30) 0.937404 (39 31) 0.943069 (39 32) 0.936993 (39 33) 0.948233 (39 34) 0.93475 (39 35) 0.929222 (39 36) 0.932864 (39 37) 0.932456 (39 38) 0.935466 (39 39) 0.956525 (39 40) 0.930223 (39 41) 0.931079 (39 42) 0.92572 (39 43) 0.930936 (39 44) 0.943647 (39 45) 0.926571 (39 46) 0.927571 (39 47) 0.939077 (39 48) 0.923079 (40 25) 0.939331 (40 26) 0.952176 (40 27) 0.941209 (40 28) 0.937424 (40 29) 0.947386 (40 30) 0.939357 (40 31) 0.946664 (40 32) 0.924803 (40 33) 0.933742 (40 34) 0.94928 (40 35) 0.937012 (40 36) 0.934808 (40 37) 0.920324 (40 38) 0.921171 (40 39) 0.930223 (40 40) 0.954782 (40 41) 0.938885 (40 42) 0.93348 (40 43) 0.91671 (40 44) 0.9177 (40 45) 0.944326 (40 46) 0.935346 (40 47) 0.913255 (40 48) 0.940767 (41 25) 0.940196 (41 26) 0.953053 (41 27) 0.947535 (41 28) 0.938286 (41 29) 0.941571 (41 30) 0.940221 (41 31) 0.937513 (41 32) 0.925654 (41 33) 0.934602 (41 34) 0.948921 (41 35) 0.948258 (41 36) 0.935668 (41 37) 0.921171 (41 38) 0.922019 (41 39) 0.931079 (41 40) 0.938885 (41 41) 0.95566 (41 42) 0.936495 (41 43) 0.917554 (41 44) 0.918544 (41 45) 0.945552 (41 46) 0.943805 (41 47) 0.914096 (41 48) 0.933822 (42 25) 0.950035 (42 26) 0.947567 (42 27) 0.936652 (42 28) 0.932885 (42 29) 0.951425 (42 30) 0.950061 (42 31) 0.932117 (42 32) 0.935341 (42 33) 0.929222 (42 34) 0.938023 (42 35) 0.949875 (42 36) 0.94546 (42 37) 0.930812 (42 38) 0.931668 (42 39) 0.92572 (42 40) 0.93348 (42 41) 0.936495 (42 42) 0.958182 (42 43) 0.927156 (42 44) 0.928157 (42 45) 0.931959 (42 46) 0.944684 (42 47) 0.923662 (42 48) 0.940109 (43 25) 0.947235 (43 26) 0.936393 (43 27) 0.933892 (43 28) 0.935983 (43 29) 0.934333 (43 30) 0.938858 (43 31) 0.929369 (43 32) 0.938447 (43 33) 0.94263 (43 34) 0.921171 (43 35) 0.930664 (43 36) 0.9443 (43 37) 0.943886 (43 38) 0.945112 (43 39) 0.930936 (43 40) 0.91671 (43 41) 0.917554 (43 42) 0.927156 (43 43) 0.950589 (43 44) 0.933387 (43 45) 0.91311 (43 46) 0.914096 (43 47) 0.938797 (43 48) 0.909669 (44 25) 0.948258 (44 26) 0.937404 (44 27) 0.9349 (44 28) 0.936993 (44 29) 0.935341 (44 30) 0.945319 (44 31) 0.930372 (44 32) 0.944905 (44 33) 0.935466 (44 34) 0.922165 (44 35) 0.931668 (44 36) 0.93532 (44 37) 0.93491 (44 38) 0.943365 (44 39) 0.943647 (44 40) 0.9177 (44 41) 0.918544 (44 42) 0.928157 (44 43) 0.933387 (44 44) 0.951615 (44 45) 0.914096 (44 46) 0.915082 (44 47) 0.94155 (44 48) 0.910651 (45 25) 0.935643 (45 26) 0.948437 (45 27) 0.937513 (45 28) 0.933742 (45 29) 0.937012 (45 30) 0.935668 (45 31) 0.942946 (45 32) 0.921171 (45 33) 0.930076 (45 34) 0.938885 (45 35) 0.943666 (45 36) 0.931137 (45 37) 0.91671 (45 38) 0.917554 (45 39) 0.926571 (45 40) 0.944326 (45 41) 0.945552 (45 42) 0.931959 (45 43) 0.91311 (45 44) 0.914096 (45 45) 0.951032 (45 46) 0.933822 (45 47) 0.909669 (45 48) 0.939234 (46 25) 0.936652 (46 26) 0.949461 (46 27) 0.943964 (46 28) 0.93475 (46 29) 0.938023 (46 30) 0.936678 (46 31) 0.93398 (46 32) 0.922165 (46 33) 0.931079 (46 34) 0.945345 (46 35) 0.936495 (46 36) 0.932142 (46 37) 0.9177 (46 38) 0.918544 (46 39) 0.927571 (46 40) 0.935346 (46 41) 0.943805 (46 42) 0.944684 (46 43) 0.914096 (46 44) 0.915082 (46 45) 0.933822 (46 46) 0.952059 (46 47) 0.910651 (46 48) 0.941989 (47 25) 0.943666 (47 26) 0.932864 (47 27) 0.930372 (47 28) 0.932456 (47 29) 0.930812 (47 30) 0.93532 (47 31) 0.925867 (47 32) 0.93491 (47 33) 0.930936 (47 34) 0.9177 (47 35) 0.927156 (47 36) 0.940741 (47 37) 0.940329 (47 38) 0.933387 (47 39) 0.939077 (47 40) 0.913255 (47 41) 0.914096 (47 42) 0.923662 (47 43) 0.938797 (47 44) 0.94155 (47 45) 0.909669 (47 46) 0.910651 (47 47) 0.947007 (47 48) 0.906241 (48 25) 0.932117 (48 26) 0.944863 (48 27) 0.93398 (48 28) 0.930223 (48 29) 0.93348 (48 30) 0.932142 (48 31) 0.939393 (48 32) 0.9177 (48 33) 0.926571 (48 34) 0.935346 (48 35) 0.931959 (48 36) 0.927628 (48 37) 0.913255 (48 38) 0.914096 (48 39) 0.923079 (48 40) 0.940767 (48 41) 0.933822 (48 42) 0.940109 (48 43) 0.909669 (48 44) 0.910651 (48 45) 0.939234 (48 46) 0.941989 (48 47) 0.906241 (48 48) 0.947448 (49 49) 0.980949 (49 50) 0.969438 (49 51) 0.968718 (49 52) 0.964822 (49 53) 0.96878 (49 54) 0.97179 (49 55) 0.970397 (49 56) 0.958691 (49 57) 0.965776 (49 58) 0.956701 (49 59) 0.952853 (49 60) 0.959674 (49 61) 0.960352 (49 62) 0.957039 (49 63) 0.95578 (49 64) 0.946798 (49 65) 0.953796 (49 66) 0.94974 (49 67) 0.96395 (49 68) 0.957985 (49 69) 0.945166 (49 70) 0.943923 (49 71) 0.951931 (49 72) 0.948069 (49 73) 0.946101 (49 74) 0.942078 (49 75) 0.936308 (50 49) 0.969438 (50 50) 0.985179 (50 51) 0.967585 (50 52) 0.969751 (50 53) 0.965784 (50 54) 0.97102 (50 55) 0.975723 (50 56) 0.957569 (50 57) 0.960443 (50 58) 0.963938 (50 59) 0.966097 (50 60) 0.969164 (50 61) 0.965623 (50 62) 0.961928 (50 63) 0.950502 (50 64) 0.953961 (50 65) 0.956824 (50 66) 0.959132 (50 67) 0.963186 (50 68) 0.952695 (50 69) 0.958303 (50 70) 0.94692 (50 71) 0.961345 (50 72) 0.942834 (50 73) 0.949105 (50 74) 0.951394 (50 75) 0.93928 (51 49) 0.968718 (51 50) 0.967585 (51 51) 0.97247 (51 52) 0.962978 (51 53) 0.956701 (51 54) 0.959674 (51 55) 0.958298 (51 56) 0.956859 (51 57) 0.953735 (51 58) 0.960407 (51 59) 0.951032 (51 60) 0.963391 (51 61) 0.948378 (51 62) 0.955209 (51 63) 0.943863 (51 64) 0.944989 (51 65) 0.941904 (51 66) 0.947925 (51 67) 0.951931 (51 68) 0.946041 (51 69) 0.94336 (51 70) 0.932154 (51 71) 0.955619 (51 72) 0.936248 (51 73) 0.934305 (51 74) 0.940277 (51 75) 0.924634 (52 49) 0.964822 (52 50) 0.969751 (52 51) 0.962978 (52 52) 0.971988 (52 53) 0.952853 (52 54) 0.955814 (52 55) 0.960443 (52 56) 0.95301 (52 57) 0.962659 (52 58) 0.951032 (52 59) 0.959931 (52 60) 0.953987 (52 61) 0.950502 (52 62) 0.957348 (52 63) 0.952694 (52 64) 0.941188 (52 65) 0.950717 (52 66) 0.944112 (52 67) 0.948103 (52 68) 0.948159 (52 69) 0.945472 (52 70) 0.940876 (52 71) 0.946291 (52 72) 0.938345 (52 73) 0.936397 (52 74) 0.936496 (52 75) 0.926704 (53 49) 0.96878 (53 50) 0.965784 (53 51) 0.956701 (53 52) 0.952853 (53 53) 0.977252 (53 54) 0.968127 (53 55) 0.966739 (53 56) 0.946798 (53 57) 0.953796 (53 58) 0.965067 (53 59) 0.961186 (53 60) 0.956057 (53 61) 0.956733 (53 62) 0.945166 (53 63) 0.943923 (53 64) 0.955078 (53 65) 0.962137 (53 66) 0.946161 (53 67) 0.960317 (53 68) 0.946101 (53 69) 0.953432 (53 70) 0.952178 (53 71) 0.948344 (53 72) 0.936308 (53 73) 0.954375 (53 74) 0.938528 (53 75) 0.944496 (54 49) 0.97179 (54 50) 0.97102 (54 51) 0.959674 (54 52) 0.955814 (54 53) 0.968127 (54 54) 0.980288 (54 55) 0.97198 (54 56) 0.94974 (54 57) 0.956759 (54 58) 0.956057 (54 59) 0.952212 (54 60) 0.968066 (54 61) 0.961919 (54 62) 0.948103 (54 63) 0.946856 (54 64) 0.946161 (54 65) 0.953153 (54 66) 0.958046 (54 67) 0.965523 (54 68) 0.949041 (54 69) 0.94453 (54 70) 0.943287 (54 71) 0.953485 (54 72) 0.939217 (54 73) 0.945464 (54 74) 0.943615 (54 75) 0.935677 (55 49) 0.970397 (55 50) 0.975723 (55 51) 0.958298 (55 52) 0.960443 (55 53) 0.966739 (55 54) 0.97198 (55 55) 0.982349 (55 56) 0.948378 (55 57) 0.966965 (55 58) 0.954686 (55 59) 0.956824 (55 60) 0.959862 (55 61) 0.966578 (55 62) 0.952695 (55 63) 0.951442 (55 64) 0.944804 (55 65) 0.963321 (55 66) 0.949926 (55 67) 0.964139 (55 68) 0.959164 (55 69) 0.949105 (55 70) 0.947856 (55 71) 0.952118 (55 72) 0.943766 (55 73) 0.955549 (55 74) 0.942263 (55 75) 0.940209 (56 49) 0.958691 (56 50) 0.957569 (56 51) 0.956859 (56 52) 0.95301 (56 53) 0.946798 (56 54) 0.94974 (56 55) 0.948378 (56 56) 0.962404 (56 57) 0.943863 (56 58) 0.944989 (56 59) 0.941188 (56 60) 0.947925 (56 61) 0.938562 (56 62) 0.945322 (56 63) 0.934093 (56 64) 0.950465 (56 65) 0.932154 (56 66) 0.953419 (56 67) 0.942078 (56 68) 0.936248 (56 69) 0.933595 (56 70) 0.922505 (56 71) 0.940277 (56 72) 0.926557 (56 73) 0.924634 (56 74) 0.945727 (56 75) 0.915063 (57 49) 0.965776 (57 50) 0.960443 (57 51) 0.953735 (57 52) 0.962659 (57 53) 0.953796 (57 54) 0.956759 (57 55) 0.966965 (57 56) 0.943863 (57 57) 0.969196 (57 58) 0.941904 (57 59) 0.950717 (57 60) 0.94483 (57 61) 0.951442 (57 62) 0.948159 (57 63) 0.953637 (57 64) 0.932154 (57 65) 0.957173 (57 66) 0.93505 (57 67) 0.949041 (57 68) 0.954598 (57 69) 0.936397 (57 70) 0.941806 (57 71) 0.937208 (57 72) 0.939273 (57 73) 0.942755 (57 74) 0.927507 (57 75) 0.927621 (58 49) 0.956701 (58 50) 0.963938 (58 51) 0.960407 (58 52) 0.951032 (58 53) 0.965067 (58 54) 0.956057 (58 55) 0.954686 (58 56) 0.944989 (58 57) 0.941904 (58 58) 0.968806 (58 59) 0.959349 (58 60) 0.95976 (58 61) 0.944804 (58 62) 0.94336 (58 63) 0.932154 (58 64) 0.953253 (58 65) 0.950141 (58 66) 0.944352 (58 67) 0.948344 (58 68) 0.934305 (58 69) 0.95161 (58 70) 0.940306 (58 71) 0.952017 (58 72) 0.924634 (58 73) 0.942476 (58 74) 0.936734 (58 75) 0.93272 (59 49) 0.952853 (59 50) 0.966097 (59 51) 0.951032 (59 52) 0.959931 (59 53) 0.961186 (59 54) 0.952212 (59 55) 0.956824 (59 56) 0.941188 (59 57) 0.950717 (59 58) 0.959349 (59 59) 0.968325 (59 60) 0.950392 (59 61) 0.94692 (59 62) 0.945472 (59 63) 0.940876 (59 64) 0.949419 (59 65) 0.959031 (59 66) 0.940554 (59 67) 0.94453 (59 68) 0.936397 (59 69) 0.95374 (59 70) 0.949104 (59 71) 0.942725 (59 72) 0.926704 (59 73) 0.944586 (59 74) 0.932966 (59 75) 0.934808 (60 49) 0.959674 (60 50) 0.969164 (60 51) 0.963391 (60 52) 0.953987 (60 53) 0.956057 (60 54) 0.968066 (60 55) 0.959862 (60 56) 0.947925 (60 57) 0.94483 (60 58) 0.95976 (60 59) 0.950392 (60 60) 0.971816 (60 61) 0.949926 (60 62) 0.946291 (60 63) 0.93505 (60 64) 0.944352 (60 65) 0.94127 (60 66) 0.956215 (60 67) 0.953485 (60 68) 0.937208 (60 69) 0.942725 (60 70) 0.931526 (60 71) 0.957178 (60 72) 0.927507 (60 73) 0.933676 (60 74) 0.941812 (60 75) 0.924011 (61 49) 0.960352 (61 50) 0.965623 (61 51) 0.948378 (61 52) 0.950502 (61 53) 0.956733 (61 54) 0.961919 (61 55) 0.966578 (61 56) 0.938562 (61 57) 0.951442 (61 58) 0.944804 (61 59) 0.94692 (61 60) 0.949926 (61 61) 0.97218 (61 62) 0.942834 (61 63) 0.956956 (61 64) 0.935024 (61 65) 0.947856 (61 66) 0.940093 (61 67) 0.954159 (61 68) 0.943766 (61 69) 0.93928 (61 70) 0.95335 (61 71) 0.942263 (61 72) 0.949236 (61 73) 0.940209 (61 74) 0.932509 (61 75) 0.945659 (62 49) 0.957039 (62 50) 0.961928 (62 51) 0.955209 (62 52) 0.957348 (62 53) 0.945166 (62 54) 0.948103 (62 55) 0.952695 (62 56) 0.945322 (62 57) 0.948159 (62 58) 0.94336 (62 59) 0.945472 (62 60) 0.946291 (62 61) 0.942834 (62 62) 0.964147 (62 63) 0.938345 (62 64) 0.933595 (62 65) 0.936397 (62 66) 0.936496 (62 67) 0.940454 (62 68) 0.954893 (62 69) 0.952186 (62 70) 0.926704 (62 71) 0.938657 (62 72) 0.945009 (62 73) 0.943047 (62 74) 0.928941 (62 75) 0.933285 (63 49) 0.95578 (63 50) 0.950502 (63 51) 0.943863 (63 52) 0.952694 (63 53) 0.943923 (63 54) 0.946856 (63 55) 0.951442 (63 56) 0.934093 (63 57) 0.953637 (63 58) 0.932154 (63 59) 0.940876 (63 60) 0.93505 (63 61) 0.956956 (63 62) 0.938345 (63 63) 0.959164 (63 64) 0.922505 (63 65) 0.941806 (63 66) 0.925372 (63 67) 0.939217 (63 68) 0.939273 (63 69) 0.926704 (63 70) 0.947265 (63 71) 0.927507 (63 72) 0.944717 (63 73) 0.927621 (63 74) 0.917906 (63 75) 0.932997 (64 49) 0.946798 (64 50) 0.953961 (64 51) 0.944989 (64 52) 0.941188 (64 53) 0.955078 (64 54) 0.946161 (64 55) 0.944804 (64 56) 0.950465 (64 57) 0.932154 (64 58) 0.953253 (64 59) 0.949419 (64 60) 0.944352 (64 61) 0.935024 (64 62) 0.933595 (64 63) 0.922505 (64 64) 0.958777 (64 65) 0.940306 (64 66) 0.949825 (64 67) 0.938528 (64 68) 0.924634 (64 69) 0.941759 (64 70) 0.930573 (64 71) 0.936734 (64 72) 0.915063 (64 73) 0.93272 (64 74) 0.942163 (64 75) 0.923065 (65 49) 0.953796 (65 50) 0.956824 (65 51) 0.941904 (65 52) 0.950717 (65 53) 0.962137 (65 54) 0.953153 (65 55) 0.963321 (65 56) 0.932154 (65 57) 0.957173 (65 58) 0.950141 (65 59) 0.959031 (65 60) 0.94127 (65 61) 0.947856 (65 62) 0.936397 (65 63) 0.941806 (65 64) 0.940306 (65 65) 0.965543 (65 66) 0.931526 (65 67) 0.945464 (65 68) 0.942755 (65 69) 0.944586 (65 70) 0.950043 (65 71) 0.933676 (65 72) 0.927621 (65 73) 0.951 (65 74) 0.924011 (65 75) 0.935733 (66 49) 0.94974 (66 50) 0.959132 (66 51) 0.947925 (66 52) 0.944112 (66 53) 0.946161 (66 54) 0.958046 (66 55) 0.949926 (66 56) 0.953419 (66 57) 0.93505 (66 58) 0.944352 (66 59) 0.940554 (66 60) 0.956215 (66 61) 0.940093 (66 62) 0.936496 (66 63) 0.925372 (66 64) 0.949825 (66 65) 0.931526 (66 66) 0.961756 (66 67) 0.943615 (66 68) 0.927507 (66 69) 0.932966 (66 70) 0.921884 (66 71) 0.941812 (66 72) 0.917906 (66 73) 0.924011 (66 74) 0.94727 (66 75) 0.914447 (67 49) 0.96395 (67 50) 0.963186 (67 51) 0.951931 (67 52) 0.948103 (67 53) 0.960317 (67 54) 0.965523 (67 55) 0.964139 (67 56) 0.942078 (67 57) 0.949041 (67 58) 0.948344 (67 59) 0.94453 (67 60) 0.953485 (67 61) 0.954159 (67 62) 0.940454 (67 63) 0.939217 (67 64) 0.938528 (67 65) 0.945464 (67 66) 0.943615 (67 67) 0.97238 (67 68) 0.941384 (67 69) 0.93691 (67 70) 0.935677 (67 71) 0.960256 (67 72) 0.93164 (67 73) 0.937836 (67 74) 0.950317 (67 75) 0.928129 (68 49) 0.957985 (68 50) 0.952695 (68 51) 0.946041 (68 52) 0.948159 (68 53) 0.946101 (68 54) 0.949041 (68 55) 0.959164 (68 56) 0.936248 (68 57) 0.954598 (68 58) 0.934305 (68 59) 0.936397 (68 60) 0.937208 (68 61) 0.943766 (68 62) 0.954893 (68 63) 0.939273 (68 64) 0.924634 (68 65) 0.942755 (68 66) 0.927507 (68 67) 0.941384 (68 68) 0.961377 (68 69) 0.943047 (68 70) 0.927621 (68 71) 0.929647 (68 72) 0.945943 (68 73) 0.949451 (68 74) 0.920024 (68 75) 0.934208 (69 49) 0.945166 (69 50) 0.958303 (69 51) 0.94336 (69 52) 0.945472 (69 53) 0.953432 (69 54) 0.94453 (69 55) 0.949105 (69 56) 0.933595 (69 57) 0.936397 (69 58) 0.95161 (69 59) 0.95374 (69 60) 0.942725 (69 61) 0.93928 (69 62) 0.952186 (69 63) 0.926704 (69 64) 0.941759 (69 65) 0.944586 (69 66) 0.932966 (69 67) 0.93691 (69 68) 0.943047 (69 69) 0.960513 (69 70) 0.934808 (69 71) 0.935119 (69 72) 0.933285 (69 73) 0.951294 (69 74) 0.92544 (69 75) 0.941447 (70 49) 0.943923 (70 50) 0.94692 (70 51) 0.932154 (70 52) 0.940876 (70 53) 0.952178 (70 54) 0.943287 (70 55) 0.947856 (70 56) 0.922505 (70 57) 0.941806 (70 58) 0.940306 (70 59) 0.949104 (70 60) 0.931526 (70 61) 0.95335 (70 62) 0.926704 (70 63) 0.947265 (70 64) 0.930573 (70 65) 0.950043 (70 66) 0.921884 (70 67) 0.935677 (70 68) 0.927621 (70 69) 0.934808 (70 70) 0.955549 (70 71) 0.924011 (70 72) 0.932997 (70 73) 0.935733 (70 74) 0.914447 (70 75) 0.941156 (71 49) 0.951931 (71 50) 0.961345 (71 51) 0.955619 (71 52) 0.946291 (71 53) 0.948344 (71 54) 0.953485 (71 55) 0.952118 (71 56) 0.940277 (71 57) 0.937208 (71 58) 0.952017 (71 59) 0.942725 (71 60) 0.957178 (71 61) 0.942263 (71 62) 0.938657 (71 63) 0.927507 (71 64) 0.936734 (71 65) 0.933676 (71 66) 0.941812 (71 67) 0.960256 (71 68) 0.929647 (71 69) 0.935119 (71 70) 0.924011 (71 71) 0.963976 (71 72) 0.920024 (71 73) 0.926144 (71 74) 0.9485 (71 75) 0.916557 (72 49) 0.948069 (72 50) 0.942834 (72 51) 0.936248 (72 52) 0.938345 (72 53) 0.936308 (72 54) 0.939217 (72 55) 0.943766 (72 56) 0.926557 (72 57) 0.939273 (72 58) 0.924634 (72 59) 0.926704 (72 60) 0.927507 (72 61) 0.949236 (72 62) 0.945009 (72 63) 0.944717 (72 64) 0.915063 (72 65) 0.927621 (72 66) 0.917906 (72 67) 0.93164 (72 68) 0.945943 (72 69) 0.933285 (72 70) 0.932997 (72 71) 0.920024 (72 72) 0.951426 (72 73) 0.934208 (72 74) 0.910501 (72 75) 0.939623 (73 49) 0.946101 (73 50) 0.949105 (73 51) 0.934305 (73 52) 0.936397 (73 53) 0.954375 (73 54) 0.945464 (73 55) 0.955549 (73 56) 0.924634 (73 57) 0.942755 (73 58) 0.942476 (73 59) 0.944586 (73 60) 0.933676 (73 61) 0.940209 (73 62) 0.943047 (73 63) 0.927621 (73 64) 0.93272 (73 65) 0.951 (73 66) 0.924011 (73 67) 0.937836 (73 68) 0.949451 (73 69) 0.951294 (73 70) 0.935733 (73 71) 0.926144 (73 72) 0.934208 (73 73) 0.957754 (73 74) 0.916557 (73 75) 0.942378 (74 49) 0.942078 (74 50) 0.951394 (74 51) 0.940277 (74 52) 0.936496 (74 53) 0.938528 (74 54) 0.943615 (74 55) 0.942263 (74 56) 0.945727 (74 57) 0.927507 (74 58) 0.936734 (74 59) 0.932966 (74 60) 0.941812 (74 61) 0.932509 (74 62) 0.928941 (74 63) 0.917906 (74 64) 0.942163 (74 65) 0.924011 (74 66) 0.94727 (74 67) 0.950317 (74 68) 0.920024 (74 69) 0.92544 (74 70) 0.914447 (74 71) 0.9485 (74 72) 0.910501 (74 73) 0.916557 (74 74) 0.953997 (74 75) 0.90707 (75 49) 0.936308 (75 50) 0.93928 (75 51) 0.924634 (75 52) 0.926704 (75 53) 0.944496 (75 54) 0.935677 (75 55) 0.940209 (75 56) 0.915063 (75 57) 0.927621 (75 58) 0.93272 (75 59) 0.934808 (75 60) 0.924011 (75 61) 0.945659 (75 62) 0.933285 (75 63) 0.932997 (75 64) 0.923065 (75 65) 0.935733 (75 66) 0.914447 (75 67) 0.928129 (75 68) 0.934208 (75 69) 0.941447 (75 70) 0.941156 (75 71) 0.916557 (75 72) 0.939623 (75 73) 0.942378 (75 74) 0.90707 (75 75) 0.94784 (76 76) 0.981125 (76 77) 0.968892 (76 78) 0.964996 (76 79) 0.964936 (76 80) 0.961953 (76 81) 0.958863 (76 82) 0.96595 (76 83) 0.961206 (76 84) 0.952906 (76 85) 0.949073 (76 86) 0.964287 (76 87) 0.962904 (76 88) 0.957211 (76 89) 0.955952 (76 90) 0.962157 (76 91) 0.943042 (76 92) 0.950012 (76 93) 0.952264 (76 94) 0.952937 (76 95) 0.958157 (76 96) 0.952198 (76 97) 0.941417 (76 98) 0.940178 (76 99) 0.942407 (76 100) 0.956507 (76 101) 0.948239 (76 102) 0.942348 (76 103) 0.944582 (76 104) 0.932593 (76 105) 0.934804 (77 76) 0.968892 (77 77) 0.972645 (77 78) 0.963151 (77 79) 0.952906 (77 80) 0.960114 (77 81) 0.957031 (77 82) 0.953907 (77 83) 0.959369 (77 84) 0.956597 (77 85) 0.947259 (77 86) 0.952264 (77 87) 0.950899 (77 88) 0.955381 (77 89) 0.944033 (77 90) 0.950161 (77 91) 0.94124 (77 92) 0.938167 (77 93) 0.955952 (77 94) 0.941056 (77 95) 0.946211 (77 96) 0.940326 (77 97) 0.939617 (77 98) 0.928456 (77 99) 0.940606 (77 100) 0.944582 (77 101) 0.936417 (77 102) 0.930598 (77 103) 0.94824 (77 104) 0.920966 (77 105) 0.933018 (78 76) 0.964996 (78 77) 0.963151 (78 78) 0.972163 (78 79) 0.949073 (78 80) 0.962264 (78 81) 0.953182 (78 82) 0.962832 (78 83) 0.961517 (78 84) 0.947259 (78 85) 0.956122 (78 86) 0.948434 (78 87) 0.953028 (78 88) 0.95752 (78 89) 0.952866 (78 90) 0.952288 (78 91) 0.937454 (78 92) 0.946945 (78 93) 0.946622 (78 94) 0.943163 (78 95) 0.94833 (78 96) 0.942431 (78 97) 0.941721 (78 98) 0.937143 (78 99) 0.936823 (78 100) 0.940783 (78 101) 0.938514 (78 102) 0.932682 (78 103) 0.938985 (78 104) 0.923028 (78 105) 0.929265 (79 76) 0.964936 (79 77) 0.952906 (79 78) 0.949073 (79 79) 0.969339 (79 80) 0.957964 (79 81) 0.943042 (79 82) 0.950012 (79 83) 0.945346 (79 84) 0.957253 (79 85) 0.953403 (79 86) 0.960289 (79 87) 0.958912 (79 88) 0.941417 (79 89) 0.940178 (79 90) 0.946281 (79 91) 0.947345 (79 92) 0.954346 (79 93) 0.948316 (79 94) 0.948986 (79 95) 0.942348 (79 96) 0.936486 (79 97) 0.945712 (79 98) 0.944468 (79 99) 0.9385 (79 100) 0.952542 (79 101) 0.932593 (79 102) 0.946647 (79 103) 0.940665 (79 104) 0.936849 (79 105) 0.930928 (80 76) 0.961953 (80 77) 0.960114 (80 78) 0.962264 (80 79) 0.957964 (80 80) 0.973519 (80 81) 0.950176 (80 82) 0.953028 (80 83) 0.960696 (80 84) 0.956134 (80 85) 0.958274 (80 86) 0.959528 (80 87) 0.964175 (80 88) 0.954501 (80 89) 0.943163 (80 90) 0.951475 (80 91) 0.946237 (80 92) 0.949076 (80 93) 0.957694 (80 94) 0.954195 (80 95) 0.945339 (80 96) 0.941626 (80 97) 0.950544 (80 98) 0.939253 (80 99) 0.947781 (80 100) 0.951787 (80 101) 0.935554 (80 102) 0.94142 (80 103) 0.949968 (80 104) 0.931675 (80 105) 0.940135 (81 76) 0.958863 (81 77) 0.957031 (81 78) 0.953182 (81 79) 0.943042 (81 80) 0.950176 (81 81) 0.962577 (81 82) 0.944033 (81 83) 0.949439 (81 84) 0.94124 (81 85) 0.937454 (81 86) 0.942407 (81 87) 0.941056 (81 88) 0.945492 (81 89) 0.934261 (81 90) 0.940326 (81 91) 0.946695 (81 92) 0.928456 (81 93) 0.940606 (81 94) 0.931315 (81 95) 0.936417 (81 96) 0.930592 (81 97) 0.929891 (81 98) 0.918846 (81 99) 0.946057 (81 100) 0.934804 (81 101) 0.926724 (81 102) 0.920966 (81 103) 0.933018 (81 104) 0.911433 (81 105) 0.938425 (82 76) 0.96595 (82 77) 0.953907 (82 78) 0.962832 (82 79) 0.950012 (82 80) 0.953028 (82 81) 0.944033 (82 82) 0.96937 (82 83) 0.952288 (82 84) 0.938167 (82 85) 0.946945 (82 86) 0.949372 (82 87) 0.959499 (82 88) 0.94833 (82 89) 0.953808 (82 90) 0.958755 (82 91) 0.928456 (82 92) 0.953375 (82 93) 0.937535 (82 94) 0.944096 (82 95) 0.954769 (82 96) 0.943363 (82 97) 0.932682 (82 98) 0.93807 (82 99) 0.927831 (82 100) 0.941713 (82 101) 0.939442 (82 102) 0.939015 (82 103) 0.929972 (82 104) 0.923941 (82 105) 0.920346 (83 76) 0.961206 (83 77) 0.959369 (83 78) 0.961517 (83 79) 0.945346 (83 80) 0.960696 (83 81) 0.949439 (83 82) 0.952288 (83 83) 0.968346 (83 84) 0.943539 (83 85) 0.945652 (83 86) 0.946889 (83 87) 0.951475 (83 88) 0.95376 (83 89) 0.942431 (83 90) 0.959051 (83 91) 0.933773 (83 92) 0.936575 (83 93) 0.945079 (83 94) 0.941626 (83 95) 0.944606 (83 96) 0.949124 (83 97) 0.938023 (83 98) 0.926881 (83 99) 0.935297 (83 100) 0.93925 (83 101) 0.934828 (83 102) 0.92902 (83 103) 0.937455 (83 104) 0.919403 (83 105) 0.927751 (84 76) 0.952906 (84 77) 0.956597 (84 78) 0.947259 (84 79) 0.957253 (84 80) 0.956134 (84 81) 0.94124 (84 82) 0.938167 (84 83) 0.943539 (84 84) 0.960961 (84 85) 0.951581 (84 86) 0.948316 (84 87) 0.946956 (84 88) 0.939617 (84 89) 0.928456 (84 90) 0.934483 (84 91) 0.945534 (84 92) 0.942448 (84 93) 0.951989 (84 94) 0.937154 (84 95) 0.930598 (84 96) 0.92481 (84 97) 0.943905 (84 98) 0.932692 (84 99) 0.936706 (84 100) 0.940665 (84 101) 0.920966 (84 102) 0.934844 (84 103) 0.944309 (84 104) 0.925168 (84 105) 0.929149 (85 76) 0.949073 (85 77) 0.947259 (85 78) 0.956122 (85 79) 0.953403 (85 80) 0.958274 (85 81) 0.937454 (85 82) 0.946945 (85 83) 0.945652 (85 84) 0.951581 (85 85) 0.960485 (85 86) 0.944502 (85 87) 0.949076 (85 88) 0.941721 (85 89) 0.937143 (85 90) 0.936575 (85 91) 0.941731 (85 92) 0.951266 (85 93) 0.942697 (85 94) 0.939253 (85 95) 0.932682 (85 96) 0.926881 (85 97) 0.946018 (85 98) 0.941419 (85 99) 0.932939 (85 100) 0.936882 (85 101) 0.923028 (85 102) 0.936938 (85 103) 0.935091 (85 104) 0.927239 (85 105) 0.925412 (86 76) 0.964287 (86 77) 0.952264 (86 78) 0.948434 (86 79) 0.960289 (86 80) 0.959528 (86 81) 0.942407 (86 82) 0.949372 (86 83) 0.946889 (86 84) 0.948316 (86 85) 0.944502 (86 86) 0.968686 (86 87) 0.960477 (86 88) 0.940783 (86 89) 0.939545 (86 90) 0.947825 (86 91) 0.9385 (86 92) 0.945436 (86 93) 0.956609 (86 94) 0.950535 (86 95) 0.941713 (86 96) 0.938014 (86 97) 0.936882 (86 98) 0.93565 (86 99) 0.946707 (86 100) 0.954096 (86 101) 0.931965 (86 102) 0.937809 (86 103) 0.9422 (86 104) 0.928101 (86 105) 0.932448 (87 76) 0.962904 (87 77) 0.950899 (87 78) 0.953028 (87 79) 0.958912 (87 80) 0.964175 (87 81) 0.941056 (87 82) 0.959499 (87 83) 0.951475 (87 84) 0.946956 (87 85) 0.949076 (87 86) 0.960477 (87 87) 0.970722 (87 88) 0.945339 (87 89) 0.944096 (87 90) 0.957936 (87 91) 0.937154 (87 92) 0.955521 (87 93) 0.948502 (87 94) 0.955139 (87 95) 0.951759 (87 96) 0.942558 (87 97) 0.94142 (87 98) 0.940181 (87 99) 0.938684 (87 100) 0.952728 (87 101) 0.936479 (87 102) 0.947812 (87 103) 0.94085 (87 104) 0.932597 (87 105) 0.931111 (88 76) 0.957211 (88 77) 0.955381 (88 78) 0.95752 (88 79) 0.941417 (88 80) 0.954501 (88 81) 0.945492 (88 82) 0.94833 (88 83) 0.95376 (88 84) 0.939617 (88 85) 0.941721 (88 86) 0.940783 (88 87) 0.945339 (88 88) 0.96432 (88 89) 0.938514 (88 90) 0.944606 (88 91) 0.929891 (88 92) 0.932682 (88 93) 0.938985 (88 94) 0.935554 (88 95) 0.955064 (88 96) 0.934828 (88 97) 0.948409 (88 98) 0.923028 (88 99) 0.929265 (88 100) 0.933193 (88 101) 0.945179 (88 102) 0.939306 (88 103) 0.93141 (88 104) 0.929583 (88 105) 0.921768 (89 76) 0.955952 (89 77) 0.944033 (89 78) 0.952866 (89 79) 0.940178 (89 80) 0.943163 (89 81) 0.934261 (89 82) 0.953808 (89 83) 0.942431 (89 84) 0.928456 (89 85) 0.937143 (89 86) 0.939545 (89 87) 0.944096 (89 88) 0.938514 (89 89) 0.959336 (89 90) 0.943363 (89 91) 0.918846 (89 92) 0.93807 (89 93) 0.927831 (89 94) 0.949568 (89 95) 0.939442 (89 96) 0.948831 (89 97) 0.923028 (89 98) 0.943507 (89 99) 0.918227 (89 100) 0.931965 (89 101) 0.944886 (89 102) 0.923941 (89 103) 0.920346 (89 104) 0.929296 (89 105) 0.910819 (90 76) 0.962157 (90 77) 0.950161 (90 78) 0.952288 (90 79) 0.946281 (90 80) 0.951475 (90 81) 0.940326 (90 82) 0.958755 (90 83) 0.959051 (90 84) 0.934483 (90 85) 0.936575 (90 86) 0.947825 (90 87) 0.957936 (90 88) 0.944606 (90 89) 0.943363 (90 90) 0.965563 (90 91) 0.92481 (90 92) 0.942935 (90 93) 0.936008 (90 94) 0.942558 (90 95) 0.95102 (90 96) 0.950063 (90 97) 0.92902 (90 98) 0.927798 (90 99) 0.926319 (90 100) 0.940179 (90 101) 0.935753 (90 102) 0.935328 (90 103) 0.928457 (90 104) 0.920313 (90 105) 0.918846 (91 76) 0.943042 (91 77) 0.94124 (91 78) 0.937454 (91 79) 0.947345 (91 80) 0.946237 (91 81) 0.946695 (91 82) 0.928456 (91 83) 0.933773 (91 84) 0.945534 (91 85) 0.941731 (91 86) 0.9385 (91 87) 0.937154 (91 88) 0.929891 (91 89) 0.918846 (91 90) 0.92481 (91 91) 0.951014 (91 92) 0.932692 (91 93) 0.936706 (91 94) 0.927454 (91 95) 0.920966 (91 96) 0.915237 (91 97) 0.934134 (91 98) 0.923038 (91 99) 0.942135 (91 100) 0.930928 (91 101) 0.911433 (91 102) 0.925168 (91 103) 0.929149 (91 104) 0.915591 (91 105) 0.934534 (92 76) 0.950012 (92 77) 0.938167 (92 78) 0.946945 (92 79) 0.954346 (92 80) 0.949076 (92 81) 0.928456 (92 82) 0.953375 (92 83) 0.936575 (92 84) 0.942448 (92 85) 0.951266 (92 86) 0.945436 (92 87) 0.955521 (92 88) 0.932682 (92 89) 0.93807 (92 90) 0.942935 (92 91) 0.932692 (92 92) 0.957725 (92 93) 0.933648 (92 94) 0.940181 (92 95) 0.939015 (92 96) 0.927798 (92 97) 0.936938 (92 98) 0.94235 (92 99) 0.923984 (92 100) 0.937809 (92 101) 0.923941 (92 102) 0.9433 (92 103) 0.926116 (92 104) 0.928156 (92 105) 0.91653 (93 76) 0.952264 (93 77) 0.955952 (93 78) 0.946622 (93 79) 0.948316 (93 80) 0.957694 (93 81) 0.940606 (93 82) 0.937535 (93 83) 0.945079 (93 84) 0.951989 (93 85) 0.942697 (93 86) 0.956609 (93 87) 0.948502 (93 88) 0.938985 (93 89) 0.927831 (93 90) 0.936008 (93 91) 0.936706 (93 92) 0.933648 (93 93) 0.960314 (93 94) 0.938684 (93 95) 0.929972 (93 96) 0.926319 (93 97) 0.935091 (93 98) 0.923984 (93 99) 0.944898 (93 100) 0.9422 (93 101) 0.920346 (93 102) 0.926116 (93 103) 0.94585 (93 104) 0.91653 (93 105) 0.930665 (94 76) 0.952937 (94 77) 0.941056 (94 78) 0.943163 (94 79) 0.948986 (94 80) 0.954195 (94 81) 0.931315 (94 82) 0.944096 (94 83) 0.941626 (94 84) 0.937154 (94 85) 0.939253 (94 86) 0.950535 (94 87) 0.955139 (94 88) 0.935554 (94 89) 0.949568 (94 90) 0.942558 (94 91) 0.927454 (94 92) 0.940181 (94 93) 0.938684 (94 94) 0.960674 (94 95) 0.936479 (94 96) 0.94802 (94 97) 0.931675 (94 98) 0.94563 (94 99) 0.928967 (94 100) 0.942866 (94 101) 0.941907 (94 102) 0.932597 (94 103) 0.931111 (94 104) 0.938002 (94 105) 0.921473 (95 76) 0.958157 (95 77) 0.946211 (95 78) 0.94833 (95 79) 0.942348 (95 80) 0.945339 (95 81) 0.936417 (95 82) 0.954769 (95 83) 0.944606 (95 84) 0.930598 (95 85) 0.932682 (95 86) 0.941713 (95 87) 0.951759 (95 88) 0.955064 (95 89) 0.939442 (95 90) 0.95102 (95 91) 0.920966 (95 92) 0.939015 (95 93) 0.929972 (95 94) 0.936479 (95 95) 0.96155 (95 96) 0.935753 (95 97) 0.939306 (95 98) 0.923941 (95 99) 0.920346 (95 100) 0.934116 (95 101) 0.946113 (95 102) 0.945684 (95 103) 0.922469 (95 104) 0.930502 (95 105) 0.912921 (96 76) 0.952198 (96 77) 0.940326 (96 78) 0.942431 (96 79) 0.936486 (96 80) 0.941626 (96 81) 0.930592 (96 82) 0.943363 (96 83) 0.949124 (96 84) 0.92481 (96 85) 0.926881 (96 86) 0.938014 (96 87) 0.942558 (96 88) 0.934828 (96 89) 0.948831 (96 90) 0.950063 (96 91) 0.915237 (96 92) 0.927798 (96 93) 0.926319 (96 94) 0.94802 (96 95) 0.935753 (96 96) 0.955569 (96 97) 0.919403 (96 98) 0.933175 (96 99) 0.916731 (96 100) 0.930447 (96 101) 0.941176 (96 102) 0.920313 (96 103) 0.918846 (96 104) 0.925646 (96 105) 0.909335 (97 76) 0.941417 (97 77) 0.939617 (97 78) 0.941721 (97 79) 0.945712 (97 80) 0.950544 (97 81) 0.929891 (97 82) 0.932682 (97 83) 0.938023 (97 84) 0.943905 (97 85) 0.946018 (97 86) 0.936882 (97 87) 0.94142 (97 88) 0.948409 (97 89) 0.923028 (97 90) 0.92902 (97 91) 0.934134 (97 92) 0.936938 (97 93) 0.935091 (97 94) 0.931675 (97 95) 0.939306 (97 96) 0.919403 (97 97) 0.952736 (97 98) 0.927239 (97 99) 0.925412 (97 100) 0.929324 (97 101) 0.929583 (97 102) 0.943591 (97 103) 0.927548 (97 104) 0.933824 (97 105) 0.917947 (98 76) 0.940178 (98 77) 0.928456 (98 78) 0.937143 (98 79) 0.944468 (98 80) 0.939253 (98 81) 0.918846 (98 82) 0.93807 (98 83) 0.926881 (98 84) 0.932692 (98 85) 0.941419 (98 86) 0.93565 (98 87) 0.940181 (98 88) 0.923028 (98 89) 0.943507 (98 90) 0.927798 (98 91) 0.923038 (98 92) 0.94235 (98 93) 0.923984 (98 94) 0.94563 (98 95) 0.923941 (98 96) 0.933175 (98 97) 0.927239 (98 98) 0.947812 (98 99) 0.91442 (98 100) 0.928101 (98 101) 0.929296 (98 102) 0.928156 (98 103) 0.91653 (98 104) 0.933536 (98 105) 0.907043 (99 76) 0.942407 (99 77) 0.940606 (99 78) 0.936823 (99 79) 0.9385 (99 80) 0.947781 (99 81) 0.946057 (99 82) 0.927831 (99 83) 0.935297 (99 84) 0.936706 (99 85) 0.932939 (99 86) 0.946707 (99 87) 0.938684 (99 88) 0.929265 (99 89) 0.918227 (99 90) 0.926319 (99 91) 0.942135 (99 92) 0.923984 (99 93) 0.944898 (99 94) 0.928967 (99 95) 0.920346 (99 96) 0.916731 (99 97) 0.925412 (99 98) 0.91442 (99 99) 0.950374 (99 100) 0.932448 (99 101) 0.910819 (99 102) 0.91653 (99 103) 0.930665 (99 104) 0.907043 (99 105) 0.936059 (100 76) 0.956507 (100 77) 0.944582 (100 78) 0.940783 (100 79) 0.952542 (100 80) 0.951787 (100 81) 0.934804 (100 82) 0.941713 (100 83) 0.93925 (100 84) 0.940665 (100 85) 0.936882 (100 86) 0.954096 (100 87) 0.952728 (100 88) 0.933193 (100 89) 0.931965 (100 90) 0.940179 (100 91) 0.930928 (100 92) 0.937809 (100 93) 0.9422 (100 94) 0.942866 (100 95) 0.934116 (100 96) 0.930447 (100 97) 0.929324 (100 98) 0.928101 (100 99) 0.932448 (100 100) 0.960872 (100 101) 0.924447 (100 102) 0.930243 (100 103) 0.948891 (100 104) 0.920614 (100 105) 0.939069 (101 76) 0.948239 (101 77) 0.936417 (101 78) 0.938514 (101 79) 0.932593 (101 80) 0.935554 (101 81) 0.926724 (101 82) 0.939442 (101 83) 0.934828 (101 84) 0.920966 (101 85) 0.923028 (101 86) 0.931965 (101 87) 0.936479 (101 88) 0.945179 (101 89) 0.944886 (101 90) 0.935753 (101 91) 0.911433 (101 92) 0.923941 (101 93) 0.920346 (101 94) 0.941907 (101 95) 0.946113 (101 96) 0.941176 (101 97) 0.929583 (101 98) 0.929296 (101 99) 0.910819 (101 100) 0.924447 (101 101) 0.951597 (101 102) 0.930502 (101 103) 0.912921 (101 104) 0.935895 (101 105) 0.903471 (102 76) 0.942348 (102 77) 0.930598 (102 78) 0.932682 (102 79) 0.946647 (102 80) 0.94142 (102 81) 0.920966 (102 82) 0.939015 (102 83) 0.92902 (102 84) 0.934844 (102 85) 0.936938 (102 86) 0.937809 (102 87) 0.947812 (102 88) 0.939306 (102 89) 0.923941 (102 90) 0.935328 (102 91) 0.925168 (102 92) 0.9433 (102 93) 0.926116 (102 94) 0.932597 (102 95) 0.945684 (102 96) 0.920313 (102 97) 0.943591 (102 98) 0.928156 (102 99) 0.91653 (102 100) 0.930243 (102 101) 0.930502 (102 102) 0.949999 (102 103) 0.918645 (102 104) 0.934748 (102 105) 0.909136 (103 76) 0.944582 (103 77) 0.94824 (103 78) 0.938985 (103 79) 0.940665 (103 80) 0.949968 (103 81) 0.933018 (103 82) 0.929972 (103 83) 0.937455 (103 84) 0.944309 (103 85) 0.935091 (103 86) 0.9422 (103 87) 0.94085 (103 88) 0.93141 (103 89) 0.920346 (103 90) 0.928457 (103 91) 0.929149 (103 92) 0.926116 (103 93) 0.94585 (103 94) 0.931111 (103 95) 0.922469 (103 96) 0.918846 (103 97) 0.927548 (103 98) 0.91653 (103 99) 0.930665 (103 100) 0.948891 (103 101) 0.912921 (103 102) 0.918645 (103 103) 0.952567 (103 104) 0.909136 (103 105) 0.937275 (104 76) 0.932593 (104 77) 0.920966 (104 78) 0.923028 (104 79) 0.936849 (104 80) 0.931675 (104 81) 0.911433 (104 82) 0.923941 (104 83) 0.919403 (104 84) 0.925168 (104 85) 0.927239 (104 86) 0.928101 (104 87) 0.932597 (104 88) 0.929583 (104 89) 0.929296 (104 90) 0.920313 (104 91) 0.915591 (104 92) 0.928156 (104 93) 0.91653 (104 94) 0.938002 (104 95) 0.930502 (104 96) 0.925646 (104 97) 0.933824 (104 98) 0.933536 (104 99) 0.907043 (104 100) 0.920614 (104 101) 0.935895 (104 102) 0.934748 (104 103) 0.909136 (104 104) 0.940165 (104 105) 0.899725 (105 76) 0.934804 (105 77) 0.933018 (105 78) 0.929265 (105 79) 0.930928 (105 80) 0.940135 (105 81) 0.938425 (105 82) 0.920346 (105 83) 0.927751 (105 84) 0.929149 (105 85) 0.925412 (105 86) 0.932448 (105 87) 0.931111 (105 88) 0.921768 (105 89) 0.910819 (105 90) 0.918846 (105 91) 0.934534 (105 92) 0.91653 (105 93) 0.930665 (105 94) 0.921473 (105 95) 0.912921 (105 96) 0.909335 (105 97) 0.917947 (105 98) 0.907043 (105 99) 0.936059 (105 100) 0.939069 (105 101) 0.903471 (105 102) 0.909136 (105 103) 0.937275 (105 104) 0.899725 (105 105) 0.942707 (106 106) 0.977296 (106 107) 0.96353 (106 108) 0.959654 (106 109) 0.961171 (106 110) 0.956628 (106 111) 0.958863 (106 112) 0.962181 (106 113) 0.955886 (106 114) 0.947631 (106 115) 0.94382 (106 116) 0.960524 (106 117) 0.959147 (106 118) 0.951912 (106 119) 0.957521 (106 120) 0.958402 (106 121) 0.943042 (106 122) 0.946305 (106 123) 0.946993 (106 124) 0.954502 (106 125) 0.954418 (106 126) 0.953761 (106 127) 0.936206 (106 128) 0.941722 (106 129) 0.942407 (106 130) 0.952775 (106 131) 0.949796 (106 132) 0.93867 (106 133) 0.939353 (106 134) 0.934125 (106 135) 0.934804 (107 106) 0.96353 (107 107) 0.971051 (107 108) 0.961573 (107 109) 0.947631 (107 110) 0.958541 (107 111) 0.96078 (107 112) 0.948627 (107 113) 0.957797 (107 114) 0.955028 (107 115) 0.945707 (107 116) 0.946993 (107 117) 0.945635 (107 118) 0.953815 (107 119) 0.944033 (107 120) 0.944901 (107 121) 0.944927 (107 122) 0.932974 (107 123) 0.954385 (107 124) 0.941056 (107 125) 0.940974 (107 126) 0.940326 (107 127) 0.938077 (107 128) 0.928456 (107 129) 0.944291 (107 130) 0.939353 (107 131) 0.936417 (107 132) 0.925447 (107 133) 0.946686 (107 134) 0.920966 (107 135) 0.936673 (108 106) 0.959654 (108 107) 0.961573 (108 108) 0.97057 (108 109) 0.94382 (108 110) 0.960687 (108 111) 0.956916 (108 112) 0.957503 (108 113) 0.959941 (108 114) 0.945707 (108 115) 0.954555 (108 116) 0.943184 (108 117) 0.947753 (108 118) 0.955951 (108 119) 0.952866 (108 120) 0.947017 (108 121) 0.941127 (108 122) 0.941704 (108 123) 0.94507 (108 124) 0.943163 (108 125) 0.943081 (108 126) 0.942431 (108 127) 0.940178 (108 128) 0.937143 (108 129) 0.940493 (108 130) 0.935575 (108 131) 0.938514 (108 132) 0.92752 (108 133) 0.937446 (108 134) 0.923028 (108 135) 0.932906 (109 106) 0.961171 (109 107) 0.947631 (109 108) 0.94382 (109 109) 0.965556 (109 110) 0.952662 (109 111) 0.943042 (109 112) 0.946305 (109 113) 0.940114 (109 114) 0.951955 (109 115) 0.948126 (109 116) 0.956541 (109 117) 0.95517 (109 118) 0.936206 (109 119) 0.941722 (109 120) 0.942588 (109 121) 0.947345 (109 122) 0.950622 (109 123) 0.943067 (109 124) 0.950544 (109 125) 0.93867 (109 126) 0.938024 (109 127) 0.940477 (109 128) 0.946019 (109 129) 0.9385 (109 130) 0.948824 (109 131) 0.934125 (109 132) 0.942953 (109 133) 0.935459 (109 134) 0.938387 (109 135) 0.930928 (110 106) 0.956628 (110 107) 0.958541 (110 108) 0.960687 (110 109) 0.952662 (110 110) 0.971924 (110 111) 0.953899 (110 112) 0.947753 (110 113) 0.959122 (110 114) 0.954566 (110 115) 0.956704 (110 116) 0.954217 (110 117) 0.958838 (110 118) 0.952936 (110 119) 0.943163 (110 120) 0.946209 (110 121) 0.949944 (110 122) 0.943823 (110 123) 0.956124 (110 124) 0.954195 (110 125) 0.940107 (110 126) 0.941626 (110 127) 0.948985 (110 128) 0.939253 (110 129) 0.951494 (110 130) 0.946518 (110 131) 0.935554 (110 132) 0.936209 (110 133) 0.948411 (110 134) 0.931675 (110 135) 0.943818 (111 106) 0.958863 (111 107) 0.96078 (111 108) 0.956916 (111 109) 0.943042 (111 110) 0.953899 (111 111) 0.966348 (111 112) 0.944033 (111 113) 0.953158 (111 114) 0.944927 (111 115) 0.941127 (111 116) 0.942407 (111 117) 0.941056 (111 118) 0.949196 (111 119) 0.939461 (111 120) 0.940326 (111 121) 0.950404 (111 122) 0.928456 (111 123) 0.944291 (111 124) 0.936499 (111 125) 0.936417 (111 126) 0.935772 (111 127) 0.933534 (111 128) 0.92396 (111 129) 0.949764 (111 130) 0.934804 (111 131) 0.931882 (111 132) 0.920966 (111 133) 0.936673 (111 134) 0.916506 (111 135) 0.942101 (112 106) 0.962181 (112 107) 0.948627 (112 108) 0.957503 (112 109) 0.946305 (112 110) 0.947753 (112 111) 0.944033 (112 112) 0.965587 (112 113) 0.947017 (112 114) 0.932974 (112 115) 0.941704 (112 116) 0.945667 (112 117) 0.955755 (112 118) 0.943081 (112 119) 0.955374 (112 120) 0.955013 (112 121) 0.928456 (112 122) 0.949655 (112 123) 0.932346 (112 124) 0.945646 (112 125) 0.951043 (112 126) 0.944912 (112 127) 0.92752 (112 128) 0.93961 (112 129) 0.927831 (112 130) 0.938038 (112 131) 0.940984 (112 132) 0.935351 (112 133) 0.924824 (112 134) 0.925458 (112 135) 0.920346 (113 106) 0.955886 (113 107) 0.957797 (113 108) 0.959941 (113 109) 0.940114 (113 110) 0.959122 (113 111) 0.953158 (113 112) 0.947017 (113 113) 0.966758 (113 114) 0.941993 (113 115) 0.944102 (113 116) 0.941648 (113 117) 0.946209 (113 118) 0.952197 (113 119) 0.942431 (113 120) 0.953743 (113 121) 0.937431 (113 122) 0.931391 (113 123) 0.94353 (113 124) 0.941626 (113 125) 0.939377 (113 126) 0.949124 (113 127) 0.936485 (113 128) 0.926881 (113 129) 0.938961 (113 130) 0.934051 (113 131) 0.934828 (113 132) 0.923877 (113 133) 0.935918 (113 134) 0.919403 (113 135) 0.931386 (114 106) 0.947631 (114 107) 0.955028 (114 108) 0.945707 (114 109) 0.951955 (114 110) 0.954566 (114 111) 0.944927 (114 112) 0.932974 (114 113) 0.941993 (114 114) 0.959386 (114 115) 0.950021 (114 116) 0.943067 (114 117) 0.941715 (114 118) 0.938077 (114 119) 0.928456 (114 120) 0.92931 (114 121) 0.949238 (114 122) 0.937231 (114 123) 0.950428 (114 124) 0.937154 (114 125) 0.925447 (114 126) 0.92481 (114 127) 0.942357 (114 128) 0.932692 (114 129) 0.940376 (114 130) 0.935459 (114 131) 0.920966 (114 132) 0.92967 (114 133) 0.942761 (114 134) 0.925168 (114 135) 0.932789 (115 106) 0.94382 (115 107) 0.945707 (115 108) 0.954555 (115 109) 0.948126 (115 110) 0.956704 (115 111) 0.941127 (115 112) 0.941704 (115 113) 0.944102 (115 114) 0.950021 (115 115) 0.95891 (115 116) 0.939274 (115 117) 0.943823 (115 118) 0.940178 (115 119) 0.937143 (115 120) 0.931391 (115 121) 0.945421 (115 122) 0.946 (115 123) 0.941151 (115 124) 0.939253 (115 125) 0.92752 (115 126) 0.926881 (115 127) 0.944467 (115 128) 0.941419 (115 129) 0.936594 (115 130) 0.931696 (115 131) 0.923028 (115 132) 0.931752 (115 133) 0.933559 (115 134) 0.927239 (115 135) 0.929038 (116 106) 0.960524 (116 107) 0.946993 (116 108) 0.943184 (116 109) 0.956541 (116 110) 0.954217 (116 111) 0.942407 (116 112) 0.945667 (116 113) 0.941648 (116 114) 0.943067 (116 115) 0.939274 (116 116) 0.964906 (116 117) 0.956729 (116 118) 0.935575 (116 119) 0.941088 (116 120) 0.944127 (116 121) 0.9385 (116 122) 0.941747 (116 123) 0.951314 (116 124) 0.952096 (116 125) 0.938038 (116 126) 0.939555 (116 127) 0.931696 (116 128) 0.937186 (116 129) 0.946707 (116 130) 0.950373 (116 131) 0.933496 (116 132) 0.934149 (116 133) 0.936985 (116 134) 0.929625 (116 135) 0.932448 (117 106) 0.959147 (117 107) 0.945635 (117 108) 0.947753 (117 109) 0.95517 (117 110) 0.958838 (117 111) 0.941056 (117 112) 0.955755 (117 113) 0.946209 (117 114) 0.941715 (117 115) 0.943823 (117 116) 0.956729 (117 117) 0.966934 (117 118) 0.940107 (117 119) 0.945646 (117 120) 0.954198 (117 121) 0.937154 (117 122) 0.951792 (117 123) 0.943251 (117 124) 0.956707 (117 125) 0.948045 (117 126) 0.944105 (117 127) 0.936209 (117 128) 0.941725 (117 129) 0.938684 (117 130) 0.94901 (117 131) 0.938017 (117 132) 0.944114 (117 133) 0.935642 (117 134) 0.934128 (117 135) 0.931111 (118 106) 0.951912 (118 107) 0.953815 (118 108) 0.955951 (118 109) 0.936206 (118 110) 0.952936 (118 111) 0.949196 (118 112) 0.943081 (118 113) 0.952197 (118 114) 0.938077 (118 115) 0.940178 (118 116) 0.935575 (118 117) 0.940107 (118 118) 0.96274 (118 119) 0.938514 (118 120) 0.939377 (118 121) 0.933534 (118 122) 0.92752 (118 123) 0.937446 (118 124) 0.935554 (118 125) 0.949778 (118 126) 0.934828 (118 127) 0.946854 (118 128) 0.923028 (118 129) 0.932906 (118 130) 0.928028 (118 131) 0.945179 (118 132) 0.934107 (118 133) 0.929883 (118 134) 0.929583 (118 135) 0.92538 (119 106) 0.957521 (119 107) 0.944033 (119 108) 0.952866 (119 109) 0.941722 (119 110) 0.943163 (119 111) 0.939461 (119 112) 0.955374 (119 113) 0.942431 (119 114) 0.928456 (119 115) 0.937143 (119 116) 0.941088 (119 117) 0.945646 (119 118) 0.938514 (119 119) 0.960911 (119 120) 0.944912 (119 121) 0.92396 (119 122) 0.93961 (119 123) 0.927831 (119 124) 0.951127 (119 125) 0.940984 (119 126) 0.950388 (119 127) 0.923028 (119 128) 0.945056 (119 129) 0.923338 (119 130) 0.933496 (119 131) 0.946438 (119 132) 0.925458 (119 133) 0.920346 (119 134) 0.930822 (119 135) 0.915889 (120 106) 0.958402 (120 107) 0.944901 (120 108) 0.947017 (120 109) 0.942588 (120 110) 0.946209 (120 111) 0.940326 (120 112) 0.955013 (120 113) 0.953743 (120 114) 0.92931 (120 115) 0.931391 (120 116) 0.944127 (120 117) 0.954198 (120 118) 0.939377 (120 119) 0.944912 (120 120) 0.961795 (120 121) 0.92481 (120 122) 0.939255 (120 123) 0.930827 (120 124) 0.944105 (120 125) 0.947309 (120 126) 0.951623 (120 127) 0.923877 (120 128) 0.929321 (120 129) 0.926319 (120 130) 0.93651 (120 131) 0.937289 (120 132) 0.931678 (120 133) 0.923318 (120 134) 0.921824 (120 135) 0.918846 (121 106) 0.943042 (121 107) 0.944927 (121 108) 0.941127 (121 109) 0.947345 (121 110) 0.949944 (121 111) 0.950404 (121 112) 0.928456 (121 113) 0.937431 (121 114) 0.949238 (121 115) 0.945421 (121 116) 0.9385 (121 117) 0.937154 (121 118) 0.933534 (121 119) 0.92396 (121 120) 0.92481 (121 121) 0.95474 (121 122) 0.932692 (121 123) 0.940376 (121 124) 0.932616 (121 125) 0.920966 (121 126) 0.920332 (121 127) 0.937794 (121 128) 0.928176 (121 129) 0.945826 (121 130) 0.930928 (121 131) 0.916506 (121 132) 0.925168 (121 133) 0.932789 (121 134) 0.920688 (121 135) 0.938195 (122 106) 0.946305 (122 107) 0.932974 (122 108) 0.941704 (122 109) 0.950622 (122 110) 0.943823 (122 111) 0.928456 (122 112) 0.949655 (122 113) 0.931391 (122 114) 0.937231 (122 115) 0.946 (122 116) 0.941747 (122 117) 0.951792 (122 118) 0.92752 (122 119) 0.93961 (122 120) 0.939255 (122 121) 0.932692 (122 122) 0.953988 (122 123) 0.92848 (122 124) 0.941725 (122 125) 0.935351 (122 126) 0.929321 (122 127) 0.931752 (122 128) 0.943898 (122 129) 0.923984 (122 130) 0.934149 (122 131) 0.925458 (122 132) 0.939619 (122 133) 0.92099 (122 134) 0.92968 (122 135) 0.91653 (123 106) 0.946993 (123 107) 0.954385 (123 108) 0.94507 (123 109) 0.943067 (123 110) 0.956124 (123 111) 0.944291 (123 112) 0.932346 (123 113) 0.94353 (123 114) 0.950428 (123 115) 0.941151 (123 116) 0.951314 (123 117) 0.943251 (123 118) 0.937446 (123 119) 0.927831 (123 120) 0.930827 (123 121) 0.940376 (123 122) 0.92848 (123 123) 0.95874 (123 124) 0.938684 (123 125) 0.924824 (123 126) 0.926319 (123 127) 0.933559 (123 128) 0.923984 (123 129) 0.948599 (123 130) 0.936985 (123 131) 0.920346 (123 132) 0.92099 (123 133) 0.944299 (123 134) 0.91653 (123 135) 0.934311 (124 106) 0.954502 (124 107) 0.941056 (124 108) 0.943163 (124 109) 0.950544 (124 110) 0.954195 (124 111) 0.936499 (124 112) 0.945646 (124 113) 0.941626 (124 114) 0.937154 (124 115) 0.939253 (124 116) 0.952096 (124 117) 0.956707 (124 118) 0.935554 (124 119) 0.951127 (124 120) 0.944105 (124 121) 0.932616 (124 122) 0.941725 (124 123) 0.938684 (124 124) 0.962252 (124 125) 0.938017 (124 126) 0.949577 (124 127) 0.931675 (124 128) 0.947183 (124 129) 0.934138 (124 130) 0.944415 (124 131) 0.943454 (124 132) 0.934128 (124 133) 0.931111 (124 134) 0.939542 (124 135) 0.926602 (125 106) 0.954418 (125 107) 0.940974 (125 108) 0.943081 (125 109) 0.93867 (125 110) 0.940107 (125 111) 0.936417 (125 112) 0.951043 (125 113) 0.939377 (125 114) 0.925447 (125 115) 0.92752 (125 116) 0.938038 (125 117) 0.948045 (125 118) 0.949778 (125 119) 0.940984 (125 120) 0.947309 (125 121) 0.920966 (125 122) 0.935351 (125 123) 0.924824 (125 124) 0.938017 (125 125) 0.957797 (125 126) 0.937289 (125 127) 0.934107 (125 128) 0.925458 (125 129) 0.920346 (125 130) 0.930471 (125 131) 0.947667 (125 132) 0.941994 (125 133) 0.917363 (125 134) 0.93203 (125 135) 0.912921 (126 106) 0.953761 (126 107) 0.940326 (126 108) 0.942431 (126 109) 0.938024 (126 110) 0.941626 (126 111) 0.935772 (126 112) 0.944912 (126 113) 0.949124 (126 114) 0.92481 (126 115) 0.926881 (126 116) 0.939555 (126 117) 0.944105 (126 118) 0.934828 (126 119) 0.950388 (126 120) 0.951623 (126 121) 0.920332 (126 122) 0.929321 (126 123) 0.926319 (126 124) 0.949577 (126 125) 0.937289 (126 126) 0.957138 (126 127) 0.919403 (126 128) 0.934707 (126 129) 0.921833 (126 130) 0.931975 (126 131) 0.942721 (126 132) 0.921824 (126 133) 0.918846 (126 134) 0.927166 (126 135) 0.914397 (127 106) 0.936206 (127 107) 0.938077 (127 108) 0.940178 (127 109) 0.940477 (127 110) 0.948985 (127 111) 0.933534 (127 112) 0.92752 (127 113) 0.936485 (127 114) 0.942357 (127 115) 0.944467 (127 116) 0.931696 (127 117) 0.936209 (127 118) 0.946854 (127 119) 0.923028 (127 120) 0.923877 (127 121) 0.937794 (127 122) 0.931752 (127 123) 0.933559 (127 124) 0.931675 (127 125) 0.934107 (127 126) 0.919403 (127 127) 0.951175 (127 128) 0.927239 (127 129) 0.929038 (127 130) 0.92418 (127 131) 0.929583 (127 132) 0.938369 (127 133) 0.926027 (127 134) 0.933824 (127 135) 0.921543 (128 106) 0.941722 (128 107) 0.928456 (128 108) 0.937143 (128 109) 0.946019 (128 110) 0.939253 (128 111) 0.92396 (128 112) 0.93961 (128 113) 0.926881 (128 114) 0.932692 (128 115) 0.941419 (128 116) 0.937186 (128 117) 0.941725 (128 118) 0.923028 (128 119) 0.945056 (128 120) 0.929321 (128 121) 0.928176 (128 122) 0.943898 (128 123) 0.923984 (128 124) 0.947183 (128 125) 0.925458 (128 126) 0.934707 (128 127) 0.927239 (128 128) 0.949368 (128 129) 0.919509 (128 130) 0.929625 (128 131) 0.930822 (128 132) 0.92968 (128 133) 0.91653 (128 134) 0.935069 (128 135) 0.912091 (129 106) 0.942407 (129 107) 0.944291 (129 108) 0.940493 (129 109) 0.9385 (129 110) 0.951494 (129 111) 0.949764 (129 112) 0.927831 (129 113) 0.938961 (129 114) 0.940376 (129 115) 0.936594 (129 116) 0.946707 (129 117) 0.938684 (129 118) 0.932906 (129 119) 0.923338 (129 120) 0.926319 (129 121) 0.945826 (129 122) 0.923984 (129 123) 0.948599 (129 124) 0.934138 (129 125) 0.920346 (129 126) 0.921833 (129 127) 0.929038 (129 128) 0.919509 (129 129) 0.954097 (129 130) 0.932448 (129 131) 0.915889 (129 132) 0.91653 (129 133) 0.934311 (129 134) 0.912091 (129 135) 0.939726 (130 106) 0.952775 (130 107) 0.939353 (130 108) 0.935575 (130 109) 0.948824 (130 110) 0.946518 (130 111) 0.934804 (130 112) 0.938038 (130 113) 0.934051 (130 114) 0.935459 (130 115) 0.931696 (130 116) 0.950373 (130 117) 0.94901 (130 118) 0.928028 (130 119) 0.933496 (130 120) 0.93651 (130 121) 0.930928 (130 122) 0.934149 (130 123) 0.936985 (130 124) 0.944415 (130 125) 0.930471 (130 126) 0.931975 (130 127) 0.92418 (130 128) 0.929625 (130 129) 0.932448 (130 130) 0.957122 (130 131) 0.925965 (130 132) 0.926613 (130 133) 0.943639 (130 134) 0.922126 (130 135) 0.939069 (131 106) 0.949796 (131 107) 0.936417 (131 108) 0.938514 (131 109) 0.934125 (131 110) 0.935554 (131 111) 0.931882 (131 112) 0.940984 (131 113) 0.934828 (131 114) 0.920966 (131 115) 0.923028 (131 116) 0.933496 (131 117) 0.938017 (131 118) 0.945179 (131 119) 0.946438 (131 120) 0.937289 (131 121) 0.916506 (131 122) 0.925458 (131 123) 0.920346 (131 124) 0.943454 (131 125) 0.947667 (131 126) 0.942721 (131 127) 0.929583 (131 128) 0.930822 (131 129) 0.915889 (131 130) 0.925965 (131 131) 0.953159 (131 132) 0.93203 (131 133) 0.912921 (131 134) 0.937432 (131 135) 0.9085 (132 106) 0.93867 (132 107) 0.925447 (132 108) 0.92752 (132 109) 0.942953 (132 110) 0.936209 (132 111) 0.920966 (132 112) 0.935351 (132 113) 0.923877 (132 114) 0.92967 (132 115) 0.931752 (132 116) 0.934149 (132 117) 0.944114 (132 118) 0.934107 (132 119) 0.925458 (132 120) 0.931678 (132 121) 0.925168 (132 122) 0.939619 (132 123) 0.92099 (132 124) 0.934128 (132 125) 0.941994 (132 126) 0.921824 (132 127) 0.938369 (132 128) 0.92968 (132 129) 0.91653 (132 130) 0.926613 (132 131) 0.93203 (132 132) 0.946292 (132 133) 0.91356 (132 134) 0.936283 (132 135) 0.909136 (133 106) 0.939353 (133 107) 0.946686 (133 108) 0.937446 (133 109) 0.935459 (133 110) 0.948411 (133 111) 0.936673 (133 112) 0.924824 (133 113) 0.935918 (133 114) 0.942761 (133 115) 0.933559 (133 116) 0.936985 (133 117) 0.935642 (133 118) 0.929883 (133 119) 0.920346 (133 120) 0.923318 (133 121) 0.932789 (133 122) 0.92099 (133 123) 0.944299 (133 124) 0.931111 (133 125) 0.917363 (133 126) 0.918846 (133 127) 0.926027 (133 128) 0.91653 (133 129) 0.934311 (133 130) 0.943639 (133 131) 0.912921 (133 132) 0.91356 (133 133) 0.951005 (133 134) 0.909136 (133 135) 0.940947 (134 106) 0.934125 (134 107) 0.920966 (134 108) 0.923028 (134 109) 0.938387 (134 110) 0.931675 (134 111) 0.916506 (134 112) 0.925458 (134 113) 0.919403 (134 114) 0.925168 (134 115) 0.927239 (134 116) 0.929625 (134 117) 0.934128 (134 118) 0.929583 (134 119) 0.930822 (134 120) 0.921824 (134 121) 0.920688 (134 122) 0.92968 (134 123) 0.91653 (134 124) 0.939542 (134 125) 0.93203 (134 126) 0.927166 (134 127) 0.933824 (134 128) 0.935069 (134 129) 0.912091 (134 130) 0.922126 (134 131) 0.937432 (134 132) 0.936283 (134 133) 0.909136 (134 134) 0.941709 (134 135) 0.904733 (135 106) 0.934804 (135 107) 0.936673 (135 108) 0.932906 (135 109) 0.930928 (135 110) 0.943818 (135 111) 0.942101 (135 112) 0.920346 (135 113) 0.931386 (135 114) 0.932789 (135 115) 0.929038 (135 116) 0.932448 (135 117) 0.931111 (135 118) 0.92538 (135 119) 0.915889 (135 120) 0.918846 (135 121) 0.938195 (135 122) 0.91653 (135 123) 0.934311 (135 124) 0.926602 (135 125) 0.912921 (135 126) 0.914397 (135 127) 0.921543 (135 128) 0.912091 (135 129) 0.939726 (135 130) 0.939069 (135 131) 0.9085 (135 132) 0.909136 (135 133) 0.940947 (135 134) 0.904733 (135 135) 0.9464
]

Q_Overlap: [

]

G_LatencyReq: [100 100 100 100 ]

F_BandwidthCap: [ (13 7) 51 (8 13) 149 (6 8) 56 (5 6) 62 (7 5) 73 (8 7) 128 (11 6) 74 (12 6) 108 (11 12) 71 (5 11) 70 (6 10) 64 (5 9) 68 (10 9) 75 (14 7) 130 (14 8) 65 (10 2) 104 (11 3) 145 (12 4) 96 (9 1) 107 (7 13) 51 (13 8) 149 (8 6) 56 (6 5) 62 (5 7) 73 (7 8) 128 (6 11) 74 (6 12) 108 (12 11) 71 (11 5) 70 (10 6) 64 (9 5) 68 (9 10) 75 (7 14) 130 (8 14) 65 (2 10) 104 (3 11) 145 (4 12) 96 (1 9) 107]

C_BackupCost: [ (13 7) 1 (8 13) 1 (6 8) 1 (5 6) 1 (7 5) 1 (8 7) 2 (11 6) 3 (12 6) 4 (11 12) 3 (5 11) 3 (6 10) 1 (5 9) 1 (10 9) 1 (14 7) 1 (14 8) 1 (10 2) 1 (11 3) 1 (12 4) 1 (9 1) 1 (7 13) 1 (13 8) 1 (8 6) 1 (6 5) 1 (5 7) 1 (7 8) 2 (6 11) 3 (6 12) 4 (12 11) 3 (11 5) 3 (10 6) 1 (9 5) 1 (9 10) 1 (7 14) 1 (8 14) 1 (2 10) 1 (3 11) 1 (4 12) 1 (1 9) 1]

n_Paths: 135