!!!!!!!!!!!!!!!!!!!!!!!!!!!!!!!!!!!!!!!!!!!!!!!!!!! 
! Data set: #92
! - Auto generated dataset by Cloud Broker Datagen v0.1 
!!!!!!!!!!!!!!!!!!!!!!!!!!!!!!!!!!!!!!!!!!!!!!!!!!!

n_Customers: 20 ! number of customers
n_Services: 25 ! number of services in total
n_Providers: 4 ! number of providers
n_Nodes: 54 ! number of nodes in total (customer, internal and provider nodes)

Symmetric: true! indicates whether or not arc provided in dataset goes both ways

!!!!!!!!!!!!!!!!!!!!!!!!!!!!!!!!!!!!!!!!!!
! Customers, Services and Providers data
!!!!!!!!!!!!!!!!!!!!!!!!!!!!!!!!!!!!!!!!!!

! (c) Revenue from serving customer c
R_Revenue: [1500 1800 2000 1000 1000 1800 1000 1000 700 1000 1100 600 550 700 1200 1050 670 1700 500 760 ]

! (c) Set of services for customers c
S_ServicesForCustomer:	[
 [1 2 ]
 [3 4 ]
 [5 ]
 [6 ]
 [7 ]
 [8 9 ]
 [10 ]
 [11 ]
 [12 ]
 [13 ]
 [14 15 ]
 [16 ]
 [17 ]
 [18 ]
 [19 ]
 [20 ]
 [21 ]
 [22 23 ]
 [24 ]
 [25 ]
]

! (s) Required maximum latency for service s [old: from customer to provider (UPLINK)]
G_LatencyReq: [140 110 100 100 100 100 100 80 160 100 120 80 100 80 190 100 90 200 90 200 100 100 200 90 90 ]

! NOTE: DEPRECATED - no longer used, but kept for now for compatability
! (s) Required maximum latency for service s from provider to customer (DOWNLINK)
G_LatencyReqD: [140 110 100 100 100 100 100 80 160 100 120 80 100 80 190 100 90 200 90 200 100 100 200 90 90 ]

! (s) Required bandwidth for service s from customer to provider (UPLINK)
B_BandwidthReqUp: [20 10 20 15 12 10 20 20 5 15 20 10 25 15 15 10 8 15 25 18 12 22 12 7 11 ]

! (s) Required bandwith for service s from provider to customer (DOWNLINK)
B_BandwidthReqDown: [5 10 20 5 12 10 20 20 20 15 4 10 5 15 5 10 8 5 25 2 12 22 3 7 11 ]

Y_AvailabilityReq: [0.99 0.95 0.99 0.95 0.99 0.99 0.99 0.99 0.95 0.99 0.99 0.99 0.99 0.99 0.95 0.99 0.99 0.99 0.99 0.99 0.99 0.99 0.95 0.99 0.99 ]

! (s, p) Price of placing service s at provider p
H_PlacePrice: [
 (1 1) 150 (1 3) 120
 (2 4) 100 (2 2) 75
 (3 2) 200 (3 4) 180
 (4 1) 160 (4 3) 120
 (5 1) 120 (5 3) 90
 (6 2) 110 (6 4) 80
 (7 2) 220 (7 4) 200
 (8 1) 250 (8 3) 210
 (9 2) 180 (9 4) 140
 (10 2) 150 (10 4) 120
 (11 1) 180 (11 3) 160
 (12 2) 90 (12 4) 70
 (13 1) 210 (13 3) 170
 (14 2) 160 (14 4) 120
 (15 1) 140 (15 3) 120
 (16 1) 130 (16 3) 110
 (17 2) 90 (17 4) 75
 (18 1) 160 (18 3) 140
 (19 1) 280 (19 3) 260
 (20 2) 190 (20 4) 160
 (21 2) 180 (21 4) 165
 (22 2) 210 (22 4) 180
 (23 1) 170 (23 3) 150
 (24 1) 100 (24 3) 80
 (25 1) 140 (25 3) 120
]

!!!!!!!!!!!!!!!!!!!!!!!!!!!!!!!!!!!!!!!!!!!!!!!!!!
! Network data
!!!!!!!!!!!!!!!!!!!!!!!!!!!!!!!!!!!!!!!!!!!!!!!!!!

!!! Own network

! (i,j) Latency for arc between nodes i and j
T_LinkLatency: [
 (1 26) 10 (2 25) 10 (2 26) 10 (3 23) 4 (3 24) 5 (4 23) 7 (4 24) 6 (5 21) 3 (5 22) 3 (6 21) 2 (6 22) 3 (7 31) 5 (7 32) 4 (8 31) 4 (8 32) 4 (9 33) 7 (9 34) 6 (10 33) 5 (10 34) 5 (15 46) 6 (16 45) 4 (17 49) 5 (17 50) 5 (18 49) 2 (18 50) 3 (19 47) 4 (19 48) 6 (20 47) 3 (20 48) 6 (21 30) 2 (22 21) 5 (22 29) 5 (23 24) 5 (23 27) 4 (24 28) 4 (25 1) 10 (25 26) 6 (25 27) 10 (27 28) 4 (27 29) 4 (28 26) 10 (30 29) 6 (30 35) 3 (31 29) 4 (31 32) 5 (32 30) 4 (33 34) 5 (33 35) 6 (34 36) 5 (35 36) 5 (35 37) 10 (36 38) 10 (37 27) 10 (37 29) 10 (37 38) 5 (37 52) 2 (38 28) 10 (38 30) 10 (38 39) 80 (38 40) 70 (39 37) 60 (39 40) 6 (39 41) 8 (39 43) 9 (39 47) 10 (40 37) 70 (41 11) 6 (41 12) 2 (42 11) 6 (42 12) 6 (42 40) 8 (42 41) 6 (42 43) 4 (43 13) 6 (43 14) 6 (44 13) 5 (44 14) 3 (44 40) 8 (44 43) 6 (45 15) 6 (45 39) 10 (45 44) 5 (46 16) 5 (46 40) 8 (46 45) 7 (47 48) 7 (48 40) 12 (48 49) 4 (49 39) 10 (49 50) 6 (50 40) 7 (51 37) 2 (51 38) 5 (52 38) 7 (53 39) 3 (53 40) 6 (54 39) 3 (54 40) 6]

! (i,j) Bandwidth capacity between nodes i and j
F_BandwidthCap: [
 (1 26) 108 (2 25) 115 (2 26) 79 (3 23) 81 (3 24) 105 (4 23) 66 (4 24) 52 (5 21) 147 (5 22) 66 (6 21) 57 (6 22) 113 (7 31) 149 (7 32) 86 (8 31) 141 (8 32) 118 (9 33) 117 (9 34) 123 (10 33) 119 (10 34) 80 (15 46) 92 (16 45) 146 (17 49) 89 (17 50) 112 (18 49) 127 (18 50) 90 (19 47) 79 (19 48) 57 (20 47) 80 (20 48) 116 (21 30) 102 (22 21) 144 (22 29) 132 (23 24) 131 (23 27) 94 (24 28) 126 (25 1) 71 (25 26) 134 (25 27) 53 (27 28) 107 (27 29) 77 (28 26) 52 (30 29) 103 (30 35) 147 (31 29) 76 (31 32) 97 (32 30) 70 (33 34) 134 (33 35) 112 (34 36) 104 (35 36) 71 (35 37) 80 (36 38) 103 (37 27) 86 (37 29) 103 (37 38) 87 (37 52) 99 (38 28) 123 (38 30) 107 (38 39) 71 (38 40) 139 (39 37) 148 (39 40) 149 (39 41) 86 (39 43) 121 (39 47) 60 (40 37) 135 (41 11) 134 (41 12) 123 (42 11) 65 (42 12) 53 (42 40) 63 (42 41) 64 (42 43) 145 (43 13) 118 (43 14) 130 (44 13) 54 (44 14) 94 (44 40) 85 (44 43) 93 (45 15) 105 (45 39) 127 (45 44) 90 (46 16) 129 (46 40) 109 (46 45) 83 (47 48) 102 (48 40) 57 (48 49) 136 (49 39) 126 (49 50) 71 (50 40) 113 (51 37) 149 (51 38) 98 (52 38) 112 (53 39) 63 (53 40) 111 (54 39) 62 (54 40) 103]

! (i,j) Price per unit of used own capacity between node i and j
K_CapPrice: [
 (1 26) 1 (2 25) 1 (2 26) 3 (3 23) 1 (3 24) 3 (4 23) 4 (4 24) 2 (5 21) 1 (5 22) 1 (6 21) 2 (6 22) 4 (7 31) 2 (7 32) 4 (8 31) 2 (8 32) 4 (9 33) 4 (9 34) 1 (10 33) 4 (10 34) 4 (15 46) 2 (16 45) 1 (17 49) 1 (17 50) 2 (18 49) 3 (18 50) 4 (19 47) 4 (19 48) 4 (20 47) 4 (20 48) 2 (21 30) 2 (22 21) 2 (22 29) 1 (23 24) 2 (23 27) 3 (24 28) 4 (25 1) 1 (25 26) 3 (25 27) 2 (27 28) 4 (27 29) 3 (28 26) 2 (30 29) 2 (30 35) 4 (31 29) 2 (31 32) 4 (32 30) 4 (33 34) 1 (33 35) 4 (34 36) 4 (35 36) 2 (35 37) 3 (36 38) 3 (37 27) 2 (37 29) 1 (37 38) 3 (37 52) 4 (38 28) 3 (38 30) 3 (38 39) 2 (38 40) 3 (39 37) 3 (39 40) 1 (39 41) 1 (39 43) 2 (39 47) 2 (40 37) 4 (41 11) 4 (41 12) 2 (42 11) 2 (42 12) 1 (42 40) 1 (42 41) 4 (42 43) 4 (43 13) 2 (43 14) 4 (44 13) 3 (44 14) 4 (44 40) 1 (44 43) 1 (45 15) 4 (45 39) 4 (45 44) 3 (46 16) 3 (46 40) 2 (46 45) 2 (47 48) 2 (48 40) 2 (48 49) 3 (49 39) 2 (49 50) 3 (50 40) 4 (51 37) 4 (51 38) 2 (52 38) 1 (53 39) 3 (53 40) 4 (54 39) 2 (54 40) 2]

D_AvailabilityExp: [
 (1 26) 0.9943863017996774 (2 25) 0.9941015518386849 (2 26) 0.9910888524190523 (3 23) 0.9953506342321634 (3 24) 0.9957950033294037 (4 23) 0.9940407191892154 (4 24) 0.9976912179565989 (5 21) 0.9982001471193507 (5 22) 0.9947185072838328 (6 21) 0.9966108705243095 (6 22) 0.9987859375448898 (7 31) 0.9985483334818854 (7 32) 0.9994102304778062 (8 31) 0.9942682412662543 (8 32) 0.9996387930260971 (9 33) 0.998129812600091 (9 34) 0.9935115480748936 (10 33) 0.9910721955890767 (10 34) 0.9953568118973635 (15 46) 0.99215337989619 (16 45) 0.9966184756089933 (17 49) 0.9942432449106127 (17 50) 0.9919654640788212 (18 49) 0.995085270900745 (18 50) 0.9953403740166686 (19 47) 0.9961624960275367 (19 48) 0.9962999830488115 (20 47) 0.9948042217362671 (20 48) 0.9986359456041828 (21 30) 0.9967813175846822 (22 21) 0.9959537144284696 (22 29) 0.9937799111870117 (23 24) 0.9986260718526319 (23 27) 0.9988915405701846 (24 28) 0.9945632910192944 (25 1) 0.9941711255535484 (25 26) 0.9969522614660673 (25 27) 0.9973876342666336 (27 28) 0.9919823433784768 (27 29) 0.9919187279907055 (28 26) 0.9943651507049799 (30 29) 0.997739546331577 (30 35) 0.999093015762046 (31 29) 0.9949784153141081 (31 32) 0.9934560063993558 (32 30) 0.9936657265503891 (33 34) 0.9975904356176033 (33 35) 0.9984242146206088 (34 36) 0.9967606125213205 (35 36) 0.9961887799296528 (35 37) 0.9900375950452871 (36 38) 0.9985392670240253 (37 27) 0.9965077606984414 (37 29) 0.9986112105753273 (37 38) 0.9929803464957513 (37 52) 0.9982462708535604 (38 28) 0.9971436675568112 (38 30) 0.9923089511343278 (38 39) 0.9914022511639632 (38 40) 0.9998894714750349 (39 37) 0.9911074824770912 (39 40) 0.9952545697637833 (39 41) 0.9987765301275067 (39 43) 0.9942879777750931 (39 47) 0.9942101815948263 (40 37) 0.9930512241274119 (41 11) 0.9903283000574448 (41 12) 0.9941968419565819 (42 11) 0.990092533309944 (42 12) 0.9984042351460084 (42 40) 0.9987789705302567 (42 41) 0.9920503121218645 (42 43) 0.9924241275433451 (43 13) 0.9971049241744913 (43 14) 0.9906630823086016 (44 13) 0.9932576507213525 (44 14) 0.9943060350581072 (44 40) 0.9926784593448974 (44 43) 0.9916970298415981 (45 15) 0.9988543265452609 (45 39) 0.9981528248265386 (45 44) 0.9923962832381948 (46 16) 0.992975467746146 (46 40) 0.9958256507199258 (46 45) 0.9961701957811602 (47 48) 0.9986758950655349 (48 40) 0.996735417090822 (48 49) 0.9966091038752347 (49 39) 0.9906375079904682 (49 50) 0.9980522218765691 (50 40) 0.9963300557783805 (51 37) 0.9933813642826863 (51 38) 0.9943939869618044 (52 38) 0.9943264602683485 (53 39) 0.9905098368716426 (53 40) 0.9940036785509437 (54 39) 0.993062316221185 (54 40) 0.9965015373728238]

!!! Leasable network

! (i,j) Price per unit leased capacity between node i and j
L_LeasedPrice: [
]

! (i,j) Latency for leased link between nodes i and j
V_LeaseLatency: [
]

! (i,j) Capacity for leased link between nodes i and j
O_LeasedBandwidthCap:[
]

!!! Following data used purely by 'datagen': keep in file to allow easy editing

! X-coordinates of nodes
datagen_x_coords: [486 437 337 286 193 141 94 84 99 108 749 751 746 744 750 747 640 604 554 504 172 201 306 334 415 453 335 368 249 229 127 126 143 144 216 220 294 293 632 633 711 711 709 709 710 712 514 552 604 639 330 265 606 649 ]

! Y-coordinates of nodes
datagen_y_coords: [47 40 41 48 43 58 161 245 340 386 181 218 265 300 339 374 433 437 433 436 93 78 86 79 84 86 165 164 195 218 199 226 340 368 319 343 262 321 262 321 190 223 273 306 346 384 399 398 397 396 367 364 221 221 ]
