!!!!!!!!!!!!!!!!!!!!!!!!!!!!!!!!!!!!!!!!!!!!!!!!!!! 
! Data set: #89
! - Auto generated dataset by Cloud Broker Datagen v0.1 
!!!!!!!!!!!!!!!!!!!!!!!!!!!!!!!!!!!!!!!!!!!!!!!!!!!

n_Customers: 40 ! number of customers
n_Services: 80 ! number of services in total
n_Providers: 4 ! number of providers
n_Nodes: 74 ! number of nodes in total (customer, internal and provider nodes)

Symmetric: true! indicates whether or not arc provided in dataset goes both ways

!!!!!!!!!!!!!!!!!!!!!!!!!!!!!!!!!!!!!!!!!!
! Customers, Services and Providers data
!!!!!!!!!!!!!!!!!!!!!!!!!!!!!!!!!!!!!!!!!!

! (c) Revenue from serving customer c
R_Revenue: [1500 1800 1900 1200 1000 2600 1000 700 2100 1100 900 950 1100 1200 2050 1070 1700 500 1960 1000 1000 1450 1000 2950 1250 1600 2150 900 1250 1000 600 1350 1000 1200 1000 999 1400 880 2100 1500 ]

! (c) Set of services for customers c
S_ServicesForCustomer:	[
 [1 2 ]
 [3 4 ]
 [5 6 ]
 [7 8 ]
 [9 ]
 [10 11 12 ]
 [13 ]
 [14 ]
 [15 16 17 ]
 [18 19 ]
 [20 21 ]
 [22 23 24 ]
 [25 26 27 ]
 [28 ]
 [29 30 31 ]
 [32 33 ]
 [34 35 ]
 [36 ]
 [37 38 39 ]
 [40 41 ]
 [42 43 ]
 [44 45 46 ]
 [47 48 ]
 [49 50 51 ]
 [52 53 ]
 [54 55 ]
 [56 57 58 ]
 [59 60 ]
 [61 62 ]
 [63 ]
 [64 ]
 [65 66 ]
 [67 ]
 [68 69 ]
 [70 ]
 [71 72 ]
 [73 74 ]
 [75 ]
 [76 77 78 ]
 [79 80 ]
]

! (s) Required maximum latency for service s [old: from customer to provider (UPLINK)]
G_LatencyReq: [180 120 100 100 100 100 100 100 100 80 160 100 100 80 100 180 90 80 190 100 180 90 200 120 200 100 150 90 200 80 150 100 220 100 200 90 90 200 130 100 100 100 100 100 200 100 100 100 100 200 140 100 190 100 220 100 180 130 100 220 100 170 100 100 100 205 100 100 180 100 100 199 100 140 100 100 100 170 100 160 ]

! NOTE: DEPRECATED - no longer used, but kept for now for compatability
! (s) Required maximum latency for service s from provider to customer (DOWNLINK)
G_LatencyReqD: [180 120 100 100 100 100 100 100 100 80 160 100 100 80 100 180 90 80 190 100 180 90 200 120 200 100 150 90 200 80 150 100 220 100 200 90 90 200 130 100 100 100 100 100 200 100 100 100 100 200 140 100 190 100 220 100 180 130 100 220 100 170 100 100 100 205 100 100 180 100 100 199 100 140 100 100 100 170 100 160 ]

! (s) Required bandwidth for service s from customer to provider (UPLINK)
B_BandwidthReqUp: [20 10 20 15 12 25 10 8 20 20 5 15 20 10 25 4 15 15 15 10 8 8 12 8 15 5 10 25 18 14 2 12 10 22 12 7 11 15 3 20 20 20 20 12 15 10 20 20 30 15 2 9 15 18 20 20 22 3 6 10 12 10 20 10 21 15 20 18 14 20 10 8 17 2 16 20 11 10 15 2 ]

! (s) Required bandwith for service s from provider to customer (DOWNLINK)
B_BandwidthReqDown: [5 10 20 5 12 25 10 8 20 20 20 5 20 10 5 20 15 15 5 10 1 8 2 1 5 5 3 25 2 14 10 12 3 22 3 7 11 3 15 20 20 20 20 12 5 10 20 20 30 3 12 9 2 18 4 20 4 14 6 2 12 2 20 10 21 3 20 18 2 20 10 2 17 20 16 20 11 2 15 10 ]

Y_AvailabilityReq: [0.99 0.95 0.99 0.95 0.99 0.95 0.99 0.95 0.99 0.99 0.95 0.95 0.99 0.99 0.99 0.95 0.95 0.99 0.95 0.99 0.95 0.99 0.95 0.95 0.99 0.95 0.95 0.99 0.99 0.975 0.99 0.99 0.99 0.99 0.95 0.99 0.99 0.975 0.95 0.95 0.95 0.95 0.95 0.99 0.975 0.95 0.95 0.95 0.99 0.975 0.98 0.99 0.975 0.95 0.975 0.975 0.99 0.95 0.99 0.95 0.975 0.99 0.95 0.95 0.975 0.95 0.95 0.975 0.995 0.95 0.99 0.99 0.975 0.975 0.99 0.95 0.995 0.975 0.99 0.95 ]

! (s, p) Price of placing service s at provider p
H_PlacePrice: [
 (1 1) 150 (1 3) 120
 (2 4) 100 (2 2) 75
 (3 2) 200 (3 4) 180
 (4 1) 160 (4 3) 120
 (5 1) 120 (5 3) 90
 (6 4) 250 (6 2) 210
 (7 2) 110 (7 4) 80
 (8 1) 100 (8 3) 75
 (9 2) 220 (9 4) 200
 (10 1) 250 (10 3) 210
 (11 2) 180 (11 4) 140
 (12 3) 180 (12 1) 160
 (13 1) 180 (13 3) 160
 (14 2) 90 (14 4) 70
 (15 1) 210 (15 3) 170
 (16 1) 180 (16 4) 150
 (17 1) 150 (17 3) 140
 (18 2) 160 (18 4) 120
 (19 1) 140 (19 3) 120
 (20 1) 130 (20 3) 110
 (21 1) 80 (21 3) 70
 (22 2) 90 (22 4) 75
 (23 2) 75 (23 4) 60
 (24 3) 80 (24 1) 60
 (25 1) 160 (25 3) 140
 (26 2) 60 (26 4) 80
 (27 1) 110 (27 3) 90
 (28 1) 280 (28 3) 260
 (29 2) 190 (29 4) 160
 (30 1) 140 (30 4) 120
 (31 4) 75
 (32 2) 180 (32 4) 165
 (33 2) 150 (33 1) 130
 (34 2) 210 (34 4) 180
 (35 1) 170 (35 3) 150
 (36 1) 100 (36 3) 80
 (37 1) 140 (37 3) 120
 (38 3) 160 (38 4) 140
 (39 1) 150 (39 2) 135
 (40 1) 100 (40 3) 100
 (41 2) 100 (41 4) 100
 (42 1) 100 (42 2) 100
 (43 3) 75 (43 4) 75
 (44 1) 150 (44 3) 125
 (45 3) 170
 (46 1) 170 (46 3) 140
 (47 1) 100 (47 2) 100
 (48 2) 100 (48 4) 75
 (49 1) 370 (49 3) 280
 (50 2) 170 (50 4) 130
 (51 1) 150 (51 3) 120
 (52 1) 140 (52 2) 120
 (53 2) 150 (53 4) 120
 (54 3) 210 (54 1) 160
 (55 1) 170 (55 3) 130
 (56 1) 220 (56 3) 180
 (57 1) 180 (57 4) 140
 (58 2) 155 (58 4) 120
 (59 1) 100 (59 3) 75
 (60 2) 120 (60 4) 80
 (61 1) 170 (61 3) 120
 (62 1) 130 (62 4) 100
 (63 1) 180 (63 3) 130
 (64 3) 75 (64 4) 75
 (65 1) 190 (65 3) 140
 (66 2) 180 (66 4) 130
 (67 1) 100 (67 4) 75
 (68 4) 75 (68 2) 100
 (69 1) 150 (69 3) 100
 (70 2) 120 (70 3) 80
 (71 2) 139 (71 4) 99
 (72 1) 99 (72 3) 79
 (73 1) 200 (73 2) 160
 (74 3) 150 (74 1) 190
 (75 1) 170 (75 2) 120
 (76 1) 210 (76 4) 160
 (77 1) 220 (77 3) 180
 (78 2) 100 (78 4) 70
 (79 2) 150 (79 4) 120
 (80 1) 100 (80 3) 80
]

!!!!!!!!!!!!!!!!!!!!!!!!!!!!!!!!!!!!!!!!!!!!!!!!!!
! Network data
!!!!!!!!!!!!!!!!!!!!!!!!!!!!!!!!!!!!!!!!!!!!!!!!!!

!!! Own network

! (i,j) Latency for arc between nodes i and j
T_LinkLatency: [
 (1 46) 10 (2 45) 10 (2 46) 10 (3 43) 4 (3 44) 5 (4 43) 7 (4 44) 6 (5 41) 3 (5 42) 3 (6 41) 2 (6 42) 3 (7 51) 4 (7 52) 4 (8 53) 7 (8 54) 6 (9 53) 5 (9 54) 5 (14 66) 6 (15 65) 4 (16 69) 5 (16 70) 5 (17 69) 2 (17 70) 3 (18 67) 4 (18 68) 6 (19 67) 3 (19 68) 6 (41 50) 2 (42 41) 5 (42 49) 5 (43 44) 5 (43 47) 4 (44 48) 4 (45 1) 10 (45 46) 6 (45 47) 10 (47 48) 4 (47 49) 4 (48 46) 10 (50 49) 6 (50 55) 3 (51 49) 4 (51 52) 5 (52 50) 4 (53 54) 5 (53 55) 6 (54 56) 5 (55 56) 5 (55 57) 10 (56 58) 10 (57 47) 10 (57 49) 10 (57 58) 5 (57 72) 2 (58 48) 10 (58 50) 10 (58 59) 80 (58 60) 70 (59 57) 60 (59 60) 6 (59 61) 8 (59 63) 9 (59 67) 10 (60 57) 70 (61 10) 6 (61 11) 2 (62 10) 6 (62 11) 6 (62 60) 8 (62 61) 6 (62 63) 4 (63 12) 6 (63 13) 6 (64 12) 5 (64 13) 3 (64 60) 8 (64 63) 6 (65 14) 6 (65 59) 10 (65 64) 5 (66 15) 5 (66 60) 8 (66 65) 7 (67 68) 7 (68 60) 12 (68 69) 4 (69 59) 10 (69 70) 6 (70 60) 7 (71 57) 2 (71 58) 5 (72 58) 7 (73 59) 3 (73 60) 6 (74 59) 3 (74 60) 6 (21 45) 5 (21 46) 3 (20 46) 3 (20 45) 5 (23 43) 4 (23 44) 5 (22 44) 6 (22 43) 2 (25 42) 7 (25 41) 4 (24 42) 4 (24 41) 5 (26 51) 3 (26 52) 3 (27 52) 6 (29 53) 7 (29 54) 3 (28 54) 7 (28 53) 6 (30 61) 3 (30 62) 2 (31 62) 3 (31 61) 3 (32 63) 5 (32 64) 6 (33 64) 6 (33 63) 4 (34 65) 6 (34 66) 7 (66 35) 5 (35 65) 4 (37 69) 3 (69 36) 6 (36 70) 4 (70 37) 7 (38 67) 6 (38 68) 4 (39 67) 7 (39 68) 7 (51 40) 4 (40 52) 6]

! (i,j) Bandwidth capacity between nodes i and j
F_BandwidthCap: [
 (1 46) 108 (2 45) 115 (2 46) 79 (3 43) 81 (3 44) 105 (4 43) 66 (4 44) 52 (5 41) 147 (5 42) 66 (6 41) 57 (6 42) 113 (7 51) 141 (7 52) 118 (8 53) 117 (8 54) 123 (9 53) 119 (9 54) 80 (14 66) 92 (15 65) 146 (16 69) 89 (16 70) 112 (17 69) 127 (17 70) 90 (18 67) 79 (18 68) 57 (19 67) 80 (19 68) 116 (41 50) 102 (42 41) 144 (42 49) 132 (43 44) 131 (43 47) 94 (44 48) 126 (45 1) 71 (45 46) 134 (45 47) 53 (47 48) 107 (47 49) 77 (48 46) 52 (50 49) 103 (50 55) 147 (51 49) 76 (51 52) 97 (52 50) 70 (53 54) 134 (53 55) 112 (54 56) 104 (55 56) 71 (55 57) 80 (56 58) 103 (57 47) 86 (57 49) 103 (57 58) 87 (57 72) 99 (58 48) 123 (58 50) 107 (58 59) 71 (58 60) 139 (59 57) 148 (59 60) 149 (59 61) 86 (59 63) 121 (59 67) 60 (60 57) 135 (61 10) 134 (61 11) 123 (62 10) 65 (62 11) 53 (62 60) 63 (62 61) 64 (62 63) 145 (63 12) 118 (63 13) 130 (64 12) 54 (64 13) 94 (64 60) 85 (64 63) 93 (65 14) 105 (65 59) 127 (65 64) 90 (66 15) 129 (66 60) 109 (66 65) 83 (67 68) 102 (68 60) 57 (68 69) 136 (69 59) 126 (69 70) 71 (70 60) 113 (71 57) 149 (71 58) 98 (72 58) 112 (73 59) 63 (73 60) 111 (74 59) 62 (74 60) 103 (21 45) 129 (21 46) 55 (20 46) 138 (20 45) 144 (23 43) 70 (23 44) 113 (22 44) 121 (22 43) 98 (25 42) 128 (25 41) 135 (24 42) 67 (24 41) 138 (26 51) 127 (26 52) 109 (27 52) 84 (29 53) 60 (29 54) 136 (28 54) 73 (28 53) 101 (30 61) 88 (30 62) 72 (31 62) 109 (31 61) 120 (32 63) 111 (32 64) 101 (33 64) 53 (33 63) 110 (34 65) 112 (34 66) 87 (66 35) 124 (35 65) 138 (37 69) 131 (69 36) 96 (36 70) 55 (70 37) 54 (38 67) 59 (38 68) 55 (39 67) 112 (39 68) 126 (51 40) 62 (40 52) 105]

! (i,j) Price per unit of used own capacity between node i and j
K_CapPrice: [
 (1 46) 1 (2 45) 1 (2 46) 3 (3 43) 1 (3 44) 3 (4 43) 4 (4 44) 2 (5 41) 1 (5 42) 1 (6 41) 2 (6 42) 4 (7 51) 2 (7 52) 4 (8 53) 4 (8 54) 1 (9 53) 4 (9 54) 4 (14 66) 2 (15 65) 1 (16 69) 1 (16 70) 2 (17 69) 3 (17 70) 4 (18 67) 4 (18 68) 4 (19 67) 4 (19 68) 2 (41 50) 2 (42 41) 2 (42 49) 1 (43 44) 2 (43 47) 3 (44 48) 4 (45 1) 1 (45 46) 3 (45 47) 2 (47 48) 4 (47 49) 3 (48 46) 2 (50 49) 2 (50 55) 4 (51 49) 2 (51 52) 4 (52 50) 4 (53 54) 1 (53 55) 4 (54 56) 4 (55 56) 2 (55 57) 3 (56 58) 3 (57 47) 2 (57 49) 1 (57 58) 3 (57 72) 4 (58 48) 3 (58 50) 3 (58 59) 2 (58 60) 3 (59 57) 3 (59 60) 1 (59 61) 1 (59 63) 2 (59 67) 2 (60 57) 4 (61 10) 4 (61 11) 2 (62 10) 2 (62 11) 1 (62 60) 1 (62 61) 4 (62 63) 4 (63 12) 2 (63 13) 4 (64 12) 3 (64 13) 4 (64 60) 1 (64 63) 1 (65 14) 4 (65 59) 4 (65 64) 3 (66 15) 3 (66 60) 2 (66 65) 2 (67 68) 2 (68 60) 2 (68 69) 3 (69 59) 2 (69 70) 3 (70 60) 4 (71 57) 4 (71 58) 2 (72 58) 1 (73 59) 3 (73 60) 4 (74 59) 2 (74 60) 2 (21 45) 2 (21 46) 4 (20 46) 4 (20 45) 1 (23 43) 4 (23 44) 1 (22 44) 2 (22 43) 2 (25 42) 3 (25 41) 4 (24 42) 3 (24 41) 1 (26 51) 1 (26 52) 3 (27 52) 1 (29 53) 4 (29 54) 3 (28 54) 2 (28 53) 4 (30 61) 1 (30 62) 4 (31 62) 1 (31 61) 3 (32 63) 1 (32 64) 3 (33 64) 3 (33 63) 3 (34 65) 1 (34 66) 1 (66 35) 4 (35 65) 1 (37 69) 3 (69 36) 4 (36 70) 4 (70 37) 4 (38 67) 1 (38 68) 4 (39 67) 4 (39 68) 2 (51 40) 4 (40 52) 4]

D_AvailabilityExp: [
 (1 46) 0.9943863017996774 (2 45) 0.9941015518386849 (2 46) 0.9910888524190523 (3 43) 0.9953506342321634 (3 44) 0.9957950033294037 (4 43) 0.9940407191892154 (4 44) 0.9976912179565989 (5 41) 0.9982001471193507 (5 42) 0.9947185072838328 (6 41) 0.9966108705243095 (6 42) 0.9987859375448898 (7 51) 0.9942682412662543 (7 52) 0.9996387930260971 (8 53) 0.998129812600091 (8 54) 0.9935115480748936 (9 53) 0.9910721955890767 (9 54) 0.9953568118973635 (14 66) 0.99215337989619 (15 65) 0.9966184756089933 (16 69) 0.9942432449106127 (16 70) 0.9919654640788212 (17 69) 0.995085270900745 (17 70) 0.9953403740166686 (18 67) 0.9961624960275367 (18 68) 0.9962999830488115 (19 67) 0.9948042217362671 (19 68) 0.9986359456041828 (41 50) 0.9967813175846822 (42 41) 0.9959537144284696 (42 49) 0.9937799111870117 (43 44) 0.9986260718526319 (43 47) 0.9988915405701846 (44 48) 0.9945632910192944 (45 1) 0.9941711255535484 (45 46) 0.9969522614660673 (45 47) 0.9973876342666336 (47 48) 0.9919823433784768 (47 49) 0.9919187279907055 (48 46) 0.9943651507049799 (50 49) 0.997739546331577 (50 55) 0.999093015762046 (51 49) 0.9949784153141081 (51 52) 0.9934560063993558 (52 50) 0.9936657265503891 (53 54) 0.9975904356176033 (53 55) 0.9984242146206088 (54 56) 0.9967606125213205 (55 56) 0.9961887799296528 (55 57) 0.9900375950452871 (56 58) 0.9985392670240253 (57 47) 0.9965077606984414 (57 49) 0.9986112105753273 (57 58) 0.9929803464957513 (57 72) 0.9982462708535604 (58 48) 0.9971436675568112 (58 50) 0.9923089511343278 (58 59) 0.9914022511639632 (58 60) 0.9998894714750349 (59 57) 0.9911074824770912 (59 60) 0.9952545697637833 (59 61) 0.9987765301275067 (59 63) 0.9942879777750931 (59 67) 0.9942101815948263 (60 57) 0.9930512241274119 (61 10) 0.9903283000574448 (61 11) 0.9941968419565819 (62 10) 0.990092533309944 (62 11) 0.9984042351460084 (62 60) 0.9987789705302567 (62 61) 0.9920503121218645 (62 63) 0.9924241275433451 (63 12) 0.9971049241744913 (63 13) 0.9906630823086016 (64 12) 0.9932576507213525 (64 13) 0.9943060350581072 (64 60) 0.9926784593448974 (64 63) 0.9916970298415981 (65 14) 0.9988543265452609 (65 59) 0.9981528248265386 (65 64) 0.9923962832381948 (66 15) 0.992975467746146 (66 60) 0.9958256507199258 (66 65) 0.9961701957811602 (67 68) 0.9986758950655349 (68 60) 0.996735417090822 (68 69) 0.9966091038752347 (69 59) 0.9906375079904682 (69 70) 0.9980522218765691 (70 60) 0.9963300557783805 (71 57) 0.9933813642826863 (71 58) 0.9943939869618044 (72 58) 0.9943264602683485 (73 59) 0.9905098368716426 (73 60) 0.9940036785509437 (74 59) 0.993062316221185 (74 60) 0.9965015373728238 (21 45) 0.9932973322644829 (21 46) 0.9952815274219029 (20 46) 0.9958656965685077 (20 45) 0.9902911040722392 (23 43) 0.9970533601869829 (23 44) 0.9907366245635785 (22 44) 0.9977568336133845 (22 43) 0.9904772420600056 (25 42) 0.9924569150595925 (25 41) 0.9950650660158135 (24 42) 0.9955938157788478 (24 41) 0.9959527163254097 (26 51) 0.9976146308286116 (26 52) 0.9989364824048244 (27 52) 0.9920903111970983 (29 53) 0.9974012222187594 (29 54) 0.9950785088050179 (28 54) 0.9976390139060095 (28 53) 0.9922033659229055 (30 61) 0.9908483260730281 (30 62) 0.994953825455159 (31 62) 0.9984159658732824 (31 61) 0.99144715083763 (32 63) 0.9997416328918188 (32 64) 0.9974463706067763 (33 64) 0.996058224583976 (33 63) 0.9978441958734765 (34 65) 0.9931362955388613 (34 66) 0.9987334880442359 (66 35) 0.9943441948364489 (35 65) 0.9956254525808618 (37 69) 0.9924887175997719 (69 36) 0.991250090484973 (36 70) 0.9922825481137261 (70 37) 0.9975071249832399 (38 67) 0.9956024335906841 (38 68) 0.9900962047604844 (39 67) 0.999130365268793 (39 68) 0.9962285999231971 (51 40) 0.991468138305936 (40 52) 0.9906056728167459]

!!! Leasable network

! (i,j) Price per unit leased capacity between node i and j
L_LeasedPrice: [
]

! (i,j) Latency for leased link between nodes i and j
V_LeaseLatency: [
]

! (i,j) Capacity for leased link between nodes i and j
O_LeasedBandwidthCap:[
]

!!! Following data used purely by 'datagen': keep in file to allow easy editing

! X-coordinates of nodes
datagen_x_coords: [603 569 412 375 200 152 21 32 41 748 756 768 770 757 762 617 554 441 365 637 515 450 328 110 230 37 35 67 43 728 741 755 756 770 753 584 527 337 400 19 159 205 362 412 524 568 443 518 265 202 72 75 90 94 203 219 370 360 529 518 708 707 706 708 711 709 390 453 567 624 381 317 506 563 ]

! Y-coordinates of nodes
datagen_y_coords: [25 14 14 14 21 28 217 365 410 190 236 313 337 393 423 472 474 473 465 45 13 23 23 46 28 144 249 437 328 162 257 283 364 455 481 480 460 447 476 177 79 69 71 69 67 74 157 167 166 196 187 234 346 396 328 363 265 321 277 327 183 228 298 347 391 449 437 441 439 439 382 377 226 228 ]
