!!!!!!!!!!!!!!!!!!!!!!!!!!!!!!!!!!!!!!!!!!!!!!!!!!! 
! Data set: #60
! - Auto generated dataset by Cloud Broker Datagen v0.1 
!!!!!!!!!!!!!!!!!!!!!!!!!!!!!!!!!!!!!!!!!!!!!!!!!!!

n_Customers: 40 ! number of customers
n_Services: 80 ! number of services in total
n_Providers: 4 ! number of providers
n_Nodes: 94 ! number of nodes in total (customer, internal and provider nodes)

Symmetric: true! indicates whether or not arc provided in dataset goes both ways

!!!!!!!!!!!!!!!!!!!!!!!!!!!!!!!!!!!!!!!!!!
! Customers, Services and Providers data
!!!!!!!!!!!!!!!!!!!!!!!!!!!!!!!!!!!!!!!!!!

! (c) Revenue from serving customer c
R_Revenue: [1500 1800 1900 1200 1000 2600 1000 700 2100 1100 900 950 1100 1200 2050 1070 1700 500 1960 1000 1000 1450 1000 2950 1250 1600 2150 900 1250 1000 600 1350 1000 999 1400 880 2100 1500 1000 1000 ]

! (c) Set of services for customers c
S_ServicesForCustomer:	[
 [1 2 ]
 [3 4 ]
 [5 6 ]
 [7 8 ]
 [9 ]
 [10 11 12 ]
 [13 ]
 [14 ]
 [15 16 17 ]
 [18 19 ]
 [20 21 ]
 [22 23 24 ]
 [25 26 27 ]
 [28 ]
 [29 30 31 ]
 [32 33 ]
 [34 35 ]
 [36 ]
 [37 38 39 ]
 [40 41 ]
 [42 43 ]
 [44 45 46 ]
 [47 48 ]
 [49 50 51 ]
 [52 53 ]
 [54 55 ]
 [56 57 58 ]
 [59 60 ]
 [61 62 ]
 [63 ]
 [64 ]
 [65 66 ]
 [67 ]
 [68 69 ]
 [70 71 ]
 [72 ]
 [73 74 75 ]
 [76 77 ]
 [78 79 ]
 [80 ]
]

! (s) Required maximum latency for service s [old: from customer to provider (UPLINK)]
G_LatencyReq: [180 120 100 100 100 100 100 100 100 80 160 100 100 80 100 180 90 80 190 100 180 90 200 120 200 100 150 90 200 80 150 100 220 100 200 90 90 200 130 100 100 100 100 100 200 100 100 100 100 200 140 100 190 100 220 100 180 130 100 220 100 170 100 100 100 205 100 100 199 100 140 100 100 100 170 100 160 100 100 100 ]

! NOTE: DEPRECATED - no longer used, but kept for now for compatability
! (s) Required maximum latency for service s from provider to customer (DOWNLINK)
G_LatencyReqD: [180 120 100 100 100 100 100 100 100 80 160 100 100 80 100 180 90 80 190 100 180 90 200 120 200 100 150 90 200 80 150 100 220 100 200 90 90 200 130 100 100 100 100 100 200 100 100 100 100 200 140 100 190 100 220 100 180 130 100 220 100 170 100 100 100 205 100 100 199 100 140 100 100 100 170 100 160 100 100 100 ]

! (s) Required bandwidth for service s from customer to provider (UPLINK)
B_BandwidthReqUp: [20 10 20 15 12 25 10 8 20 20 5 15 20 10 25 4 15 15 15 10 8 8 12 8 15 5 10 25 18 14 2 12 10 22 12 7 11 15 3 20 20 20 20 12 15 10 20 20 30 15 2 9 15 18 20 20 22 3 6 10 12 10 20 10 21 15 20 10 8 17 2 16 20 11 10 15 2 18 14 20 ]

! (s) Required bandwith for service s from provider to customer (DOWNLINK)
B_BandwidthReqDown: [5 10 20 5 12 25 10 8 20 20 20 5 20 10 5 20 15 15 5 10 1 8 2 1 5 5 3 25 2 14 10 12 3 22 3 7 11 3 15 20 20 20 20 12 5 10 20 20 30 3 12 9 2 18 4 20 4 14 6 2 12 2 20 10 21 3 20 10 2 17 20 16 20 11 2 15 10 18 2 20 ]

Y_AvailabilityReq: [0.99 0.95 0.99 0.95 0.99 0.95 0.99 0.95 0.99 0.99 0.95 0.95 0.99 0.99 0.99 0.95 0.95 0.99 0.95 0.99 0.95 0.99 0.95 0.95 0.99 0.95 0.95 0.99 0.99 0.975 0.99 0.99 0.99 0.99 0.95 0.99 0.99 0.975 0.95 0.95 0.95 0.95 0.95 0.99 0.975 0.95 0.95 0.95 0.99 0.975 0.98 0.99 0.975 0.95 0.975 0.975 0.99 0.95 0.99 0.95 0.975 0.99 0.95 0.95 0.975 0.95 0.95 0.99 0.99 0.975 0.975 0.99 0.95 0.995 0.975 0.99 0.95 0.95 0.95 0.95 ]

! (s, p) Price of placing service s at provider p
H_PlacePrice: [
 (1 1) 150 (1 3) 120
 (2 4) 100 (2 2) 75
 (3 2) 200 (3 4) 180
 (4 1) 160 (4 3) 120
 (5 1) 120 (5 3) 90
 (6 4) 250 (6 2) 210
 (7 2) 110 (7 4) 80
 (8 1) 100 (8 3) 75
 (9 2) 220 (9 4) 200
 (10 1) 250 (10 3) 210
 (11 2) 180 (11 4) 140
 (12 3) 180 (12 1) 160
 (13 1) 180 (13 3) 160
 (14 2) 90 (14 4) 70
 (15 1) 210 (15 3) 170
 (16 1) 180 (16 4) 150
 (17 1) 150 (17 3) 140
 (18 2) 160 (18 4) 120
 (19 1) 140 (19 3) 120
 (20 1) 130 (20 3) 110
 (21 1) 80 (21 3) 70
 (22 2) 90 (22 4) 75
 (23 2) 75 (23 4) 60
 (24 3) 80 (24 1) 60
 (25 1) 160 (25 3) 140
 (26 2) 60 (26 4) 80
 (27 1) 110 (27 3) 90
 (28 1) 280 (28 3) 260
 (29 2) 190 (29 4) 160
 (30 1) 140 (30 4) 120
 (31 4) 75
 (32 2) 180 (32 4) 165
 (33 2) 150 (33 1) 130
 (34 2) 210 (34 4) 180
 (35 1) 170 (35 3) 150
 (36 1) 100 (36 3) 80
 (37 1) 140 (37 3) 120
 (38 3) 160 (38 4) 140
 (39 1) 150 (39 2) 135
 (40 1) 100 (40 3) 100
 (41 2) 100 (41 4) 100
 (42 1) 100 (42 2) 100
 (43 3) 75 (43 4) 75
 (44 1) 150 (44 3) 125
 (45 3) 170
 (46 1) 170 (46 3) 140
 (47 1) 100 (47 2) 100
 (48 2) 100 (48 4) 75
 (49 1) 370 (49 3) 280
 (50 2) 170 (50 4) 130
 (51 1) 150 (51 3) 120
 (52 1) 140 (52 2) 120
 (53 2) 150 (53 4) 120
 (54 3) 210 (54 1) 160
 (55 1) 170 (55 3) 130
 (56 1) 220 (56 3) 180
 (57 1) 180 (57 4) 140
 (58 2) 155 (58 4) 120
 (59 1) 100 (59 3) 75
 (60 2) 120 (60 4) 80
 (61 1) 170 (61 3) 120
 (62 1) 130 (62 4) 100
 (63 1) 180 (63 3) 130
 (64 3) 75 (64 4) 75
 (65 1) 190 (65 3) 140
 (66 2) 180 (66 4) 130
 (67 1) 100 (67 4) 75
 (68 2) 139 (68 4) 99
 (69 1) 99 (69 3) 79
 (70 1) 200 (70 2) 160
 (71 3) 150 (71 1) 190
 (72 1) 170 (72 2) 120
 (73 1) 210 (73 4) 160
 (74 1) 220 (74 3) 180
 (75 2) 100 (75 4) 70
 (76 2) 150 (76 4) 120
 (77 1) 100 (77 3) 80
 (78 4) 75 (78 1) 100
 (79 1) 150 (79 3) 100
 (80 2) 120 (80 3) 80
]

!!!!!!!!!!!!!!!!!!!!!!!!!!!!!!!!!!!!!!!!!!!!!!!!!!
! Network data
!!!!!!!!!!!!!!!!!!!!!!!!!!!!!!!!!!!!!!!!!!!!!!!!!!

!!! arc attributes

! (i,j) Latency for arc between nodes i and j
T_LinkLatency: [
 (1 46) 10 (2 45) 10 (2 46) 10 (3 43) 4 (3 44) 5 (4 43) 7 (4 44) 6 (5 41) 3 (5 42) 3 (6 41) 2 (6 42) 3 (7 51) 4 (7 52) 4 (8 53) 7 (8 54) 6 (9 53) 5 (9 54) 5 (14 66) 6 (15 65) 4 (16 69) 5 (16 70) 5 (17 69) 2 (17 70) 3 (18 67) 4 (18 68) 6 (19 67) 3 (19 68) 6 (41 50) 2 (42 41) 5 (42 49) 5 (43 44) 5 (43 47) 4 (44 48) 4 (45 1) 10 (45 46) 6 (45 47) 10 (47 48) 4 (47 49) 4 (48 46) 10 (50 49) 6 (50 55) 3 (51 49) 4 (51 52) 5 (52 50) 4 (53 54) 5 (53 55) 6 (54 56) 5 (55 56) 5 (55 57) 10 (56 58) 10 (57 47) 10 (57 49) 10 (57 58) 5 (57 92) 2 (58 48) 10 (58 50) 10 (58 59) 80 (58 60) 70 (59 57) 60 (59 60) 6 (59 61) 8 (59 63) 9 (59 67) 10 (60 57) 70 (61 10) 6 (61 11) 2 (62 10) 6 (62 11) 6 (62 60) 8 (62 61) 6 (62 63) 4 (63 12) 6 (63 13) 6 (64 12) 5 (64 13) 3 (64 60) 8 (64 63) 6 (65 14) 6 (65 59) 10 (65 64) 5 (66 15) 5 (66 60) 8 (66 65) 7 (67 68) 7 (68 60) 12 (68 69) 4 (69 59) 10 (69 70) 6 (70 60) 7 (91 57) 2 (91 58) 5 (92 58) 7 (93 59) 3 (93 60) 6 (94 59) 3 (94 60) 6 (51 38) 4 (38 52) 6 (20 72) 3 (72 48) 6 (20 71) 6 (71 72) 2 (71 47) 5 (21 72) 6 (21 71) 7 (44 43) 6 (22 73) 4 (74 22) 3 (23 73) 3 (23 74) 4 (73 49) 2 (74 50) 3 (74 73) 4 (75 76) 2 (75 49) 6 (76 50) 3 (24 75) 3 (24 76) 7 (25 75) 6 (25 76) 7 (77 55) 5 (78 56) 5 (78 77) 4 (27 77) 5 (27 78) 6 (26 77) 4 (26 78) 2 (80 56) 3 (79 55) 7 (80 79) 7 (28 80) 4 (28 79) 6 (29 79) 6 (29 80) 7 (30 81) 5 (30 82) 5 (82 81) 2 (31 82) 6 (31 81) 3 (81 59) 5 (82 60) 7 (84 60) 5 (83 59) 7 (84 83) 4 (36 84) 5 (36 83) 7 (37 84) 4 (37 83) 7 (85 59) 3 (86 60) 5 (86 85) 4 (35 86) 7 (35 85) 7 (34 86) 5 (34 85) 6 (88 59) 2 (87 60) 2 (88 87) 4 (39 88) 5 (39 87) 5 (87 40) 6 (88 40) 2 (89 64) 5 (90 65) 2 (90 89) 6 (33 89) 6 (33 90) 6 (32 89) 7 (32 90) 7]

! (i,j) Bandwidth capacity between nodes i and j
F_BandwidthCap: [
 (1 46) 108 (2 45) 115 (2 46) 79 (3 43) 81 (3 44) 105 (4 43) 66 (4 44) 52 (5 41) 147 (5 42) 66 (6 41) 57 (6 42) 113 (7 51) 141 (7 52) 118 (8 53) 117 (8 54) 123 (9 53) 119 (9 54) 80 (14 66) 92 (15 65) 146 (16 69) 89 (16 70) 112 (17 69) 127 (17 70) 90 (18 67) 79 (18 68) 57 (19 67) 80 (19 68) 116 (41 50) 102 (42 41) 144 (42 49) 132 (43 44) 131 (43 47) 94 (44 48) 126 (45 1) 71 (45 46) 134 (45 47) 53 (47 48) 107 (47 49) 77 (48 46) 52 (50 49) 103 (50 55) 147 (51 49) 76 (51 52) 97 (52 50) 70 (53 54) 134 (53 55) 112 (54 56) 104 (55 56) 71 (55 57) 80 (56 58) 103 (57 47) 86 (57 49) 103 (57 58) 87 (57 92) 99 (58 48) 123 (58 50) 107 (58 59) 71 (58 60) 139 (59 57) 148 (59 60) 149 (59 61) 86 (59 63) 121 (59 67) 60 (60 57) 135 (61 10) 134 (61 11) 123 (62 10) 65 (62 11) 53 (62 60) 63 (62 61) 64 (62 63) 145 (63 12) 118 (63 13) 130 (64 12) 54 (64 13) 94 (64 60) 85 (64 63) 93 (65 14) 105 (65 59) 127 (65 64) 90 (66 15) 129 (66 60) 109 (66 65) 83 (67 68) 102 (68 60) 57 (68 69) 136 (69 59) 126 (69 70) 71 (70 60) 113 (91 57) 149 (91 58) 98 (92 58) 112 (93 59) 63 (93 60) 111 (94 59) 62 (94 60) 103 (51 38) 62 (38 52) 105 (20 72) 53 (72 48) 102 (20 71) 116 (71 72) 77 (71 47) 50 (21 72) 136 (21 71) 144 (44 43) 92 (22 73) 109 (74 22) 127 (23 73) 89 (23 74) 59 (73 49) 83 (74 50) 90 (74 73) 136 (75 76) 106 (75 49) 92 (76 50) 125 (24 75) 106 (24 76) 64 (25 75) 100 (25 76) 138 (77 55) 51 (78 56) 148 (78 77) 52 (27 77) 97 (27 78) 146 (26 77) 110 (26 78) 111 (80 56) 114 (79 55) 65 (80 79) 54 (28 80) 119 (28 79) 100 (29 79) 93 (29 80) 87 (30 81) 68 (30 82) 111 (82 81) 51 (31 82) 108 (31 81) 67 (81 59) 109 (82 60) 117 (84 60) 137 (83 59) 139 (84 83) 71 (36 84) 91 (36 83) 145 (37 84) 126 (37 83) 146 (85 59) 55 (86 60) 123 (86 85) 56 (35 86) 120 (35 85) 102 (34 86) 89 (34 85) 132 (88 59) 135 (87 60) 118 (88 87) 93 (39 88) 133 (39 87) 55 (87 40) 131 (88 40) 82 (89 64) 97 (90 65) 92 (90 89) 120 (33 89) 132 (33 90) 95 (32 89) 145 (32 90) 119]

! (i,j) Price per unit of used capacity between node i and j
K_CapPrice: [
 (1 46) 1 (2 45) 1 (2 46) 3 (3 43) 1 (3 44) 3 (4 43) 4 (4 44) 2 (5 41) 1 (5 42) 1 (6 41) 2 (6 42) 4 (7 51) 2 (7 52) 4 (8 53) 4 (8 54) 1 (9 53) 4 (9 54) 4 (14 66) 2 (15 65) 1 (16 69) 1 (16 70) 2 (17 69) 3 (17 70) 4 (18 67) 4 (18 68) 4 (19 67) 4 (19 68) 2 (41 50) 2 (42 41) 2 (42 49) 1 (43 44) 2 (43 47) 3 (44 48) 4 (45 1) 1 (45 46) 3 (45 47) 2 (47 48) 4 (47 49) 3 (48 46) 2 (50 49) 2 (50 55) 4 (51 49) 2 (51 52) 4 (52 50) 4 (53 54) 1 (53 55) 4 (54 56) 4 (55 56) 2 (55 57) 3 (56 58) 3 (57 47) 2 (57 49) 1 (57 58) 3 (57 92) 4 (58 48) 3 (58 50) 3 (58 59) 2 (58 60) 3 (59 57) 3 (59 60) 1 (59 61) 1 (59 63) 2 (59 67) 2 (60 57) 4 (61 10) 4 (61 11) 2 (62 10) 2 (62 11) 1 (62 60) 1 (62 61) 4 (62 63) 4 (63 12) 2 (63 13) 4 (64 12) 3 (64 13) 4 (64 60) 1 (64 63) 1 (65 14) 4 (65 59) 4 (65 64) 3 (66 15) 3 (66 60) 2 (66 65) 2 (67 68) 2 (68 60) 2 (68 69) 3 (69 59) 2 (69 70) 3 (70 60) 4 (91 57) 4 (91 58) 2 (92 58) 1 (93 59) 3 (93 60) 4 (94 59) 2 (94 60) 2 (51 38) 4 (38 52) 4 (20 72) 2 (72 48) 1 (20 71) 2 (71 72) 1 (71 47) 2 (21 72) 1 (21 71) 2 (44 43) 3 (22 73) 1 (74 22) 3 (23 73) 2 (23 74) 3 (73 49) 4 (74 50) 1 (74 73) 1 (75 76) 2 (75 49) 1 (76 50) 2 (24 75) 3 (24 76) 1 (25 75) 3 (25 76) 2 (77 55) 2 (78 56) 2 (78 77) 3 (27 77) 4 (27 78) 2 (26 77) 4 (26 78) 1 (80 56) 2 (79 55) 2 (80 79) 2 (28 80) 2 (28 79) 3 (29 79) 3 (29 80) 2 (30 81) 3 (30 82) 4 (82 81) 2 (31 82) 2 (31 81) 1 (81 59) 4 (82 60) 1 (84 60) 4 (83 59) 4 (84 83) 2 (36 84) 1 (36 83) 2 (37 84) 1 (37 83) 4 (85 59) 1 (86 60) 3 (86 85) 4 (35 86) 4 (35 85) 4 (34 86) 2 (34 85) 1 (88 59) 4 (87 60) 2 (88 87) 4 (39 88) 1 (39 87) 4 (87 40) 4 (88 40) 1 (89 64) 4 (90 65) 4 (90 89) 1 (33 89) 4 (33 90) 4 (32 89) 3 (32 90) 2]

D_AvailabilityExp: [
 (1 46) 0.9943863017996774 (2 45) 0.9941015518386849 (2 46) 0.9910888524190523 (3 43) 0.9953506342321634 (3 44) 0.9957950033294037 (4 43) 0.9940407191892154 (4 44) 0.9976912179565989 (5 41) 0.9982001471193507 (5 42) 0.9947185072838328 (6 41) 0.9966108705243095 (6 42) 0.9987859375448898 (7 51) 0.9942682412662543 (7 52) 0.9996387930260971 (8 53) 0.998129812600091 (8 54) 0.9935115480748936 (9 53) 0.9910721955890767 (9 54) 0.9953568118973635 (14 66) 0.99215337989619 (15 65) 0.9966184756089933 (16 69) 0.9942432449106127 (16 70) 0.9919654640788212 (17 69) 0.995085270900745 (17 70) 0.9953403740166686 (18 67) 0.9961624960275367 (18 68) 0.9962999830488115 (19 67) 0.9948042217362671 (19 68) 0.9986359456041828 (41 50) 0.9967813175846822 (42 41) 0.9959537144284696 (42 49) 0.9937799111870117 (43 44) 0.9986260718526319 (43 47) 0.9988915405701846 (44 48) 0.9945632910192944 (45 1) 0.9941711255535484 (45 46) 0.9969522614660673 (45 47) 0.9973876342666336 (47 48) 0.9919823433784768 (47 49) 0.9919187279907055 (48 46) 0.9943651507049799 (50 49) 0.997739546331577 (50 55) 0.999093015762046 (51 49) 0.9949784153141081 (51 52) 0.9934560063993558 (52 50) 0.9936657265503891 (53 54) 0.9975904356176033 (53 55) 0.9984242146206088 (54 56) 0.9967606125213205 (55 56) 0.9961887799296528 (55 57) 0.9900375950452871 (56 58) 0.9985392670240253 (57 47) 0.9965077606984414 (57 49) 0.9986112105753273 (57 58) 0.9929803464957513 (57 92) 0.9982462708535604 (58 48) 0.9971436675568112 (58 50) 0.9923089511343278 (58 59) 0.9914022511639632 (58 60) 0.9998894714750349 (59 57) 0.9911074824770912 (59 60) 0.9952545697637833 (59 61) 0.9987765301275067 (59 63) 0.9942879777750931 (59 67) 0.9942101815948263 (60 57) 0.9930512241274119 (61 10) 0.9903283000574448 (61 11) 0.9941968419565819 (62 10) 0.990092533309944 (62 11) 0.9984042351460084 (62 60) 0.9987789705302567 (62 61) 0.9920503121218645 (62 63) 0.9924241275433451 (63 12) 0.9971049241744913 (63 13) 0.9906630823086016 (64 12) 0.9932576507213525 (64 13) 0.9943060350581072 (64 60) 0.9926784593448974 (64 63) 0.9916970298415981 (65 14) 0.9988543265452609 (65 59) 0.9981528248265386 (65 64) 0.9923962832381948 (66 15) 0.992975467746146 (66 60) 0.9958256507199258 (66 65) 0.9961701957811602 (67 68) 0.9986758950655349 (68 60) 0.996735417090822 (68 69) 0.9966091038752347 (69 59) 0.9906375079904682 (69 70) 0.9980522218765691 (70 60) 0.9963300557783805 (91 57) 0.9933813642826863 (91 58) 0.9943939869618044 (92 58) 0.9943264602683485 (93 59) 0.9905098368716426 (93 60) 0.9940036785509437 (94 59) 0.993062316221185 (94 60) 0.9965015373728238 (51 38) 0.991468138305936 (38 52) 0.9906056728167459 (20 72) 0.9960470831068232 (72 48) 0.9922427127906122 (20 71) 0.9979656692687422 (71 72) 0.9941611980227754 (71 47) 0.9963814952084794 (21 72) 0.9924561904603615 (21 71) 0.9965449914056808 (44 43) 0.9974818578804843 (22 73) 0.9904149402934126 (74 22) 0.9949368985975161 (23 73) 0.9985549330222421 (23 74) 0.9918338400823995 (73 49) 0.9987205645185895 (74 50) 0.9974172668857499 (74 73) 0.9910738051333464 (75 76) 0.9971230978635139 (75 49) 0.9936305493302643 (76 50) 0.9993543905694969 (24 75) 0.9932189014251344 (24 76) 0.9907283047074452 (25 75) 0.9996246026037261 (25 76) 0.9904785618907772 (77 55) 0.9982984864152968 (78 56) 0.9985358667536639 (78 77) 0.9924744371837005 (27 77) 0.992197571026627 (27 78) 0.9917422336060554 (26 77) 0.9943851716862991 (26 78) 0.9924611818511039 (80 56) 0.9935369176999665 (79 55) 0.9961243253294378 (80 79) 0.9990294121648184 (28 80) 0.9964656128548086 (28 79) 0.9924626138038002 (29 79) 0.9910987920709886 (29 80) 0.9909238157607615 (30 81) 0.999790061886888 (30 82) 0.9988556203967891 (82 81) 0.9968223458761349 (31 82) 0.9918892134493217 (31 81) 0.9999271763092838 (81 59) 0.9961210210761056 (82 60) 0.9913176517374813 (84 60) 0.9922272487520241 (83 59) 0.9928344104113057 (84 83) 0.9943985968828202 (36 84) 0.9901402277266607 (36 83) 0.9995755157386884 (37 84) 0.9900924984645099 (37 83) 0.9950829663826153 (85 59) 0.9955884589720517 (86 60) 0.9907022654381581 (86 85) 0.9986674096342176 (35 86) 0.997458987007849 (35 85) 0.9974096307670698 (34 86) 0.9915443192468956 (34 85) 0.9905598941072822 (88 59) 0.9952951471880078 (87 60) 0.9960320391552523 (88 87) 0.9977666482818313 (39 88) 0.9973615014413372 (39 87) 0.9922442233352922 (87 40) 0.9928391912369989 (88 40) 0.9941939483559691 (89 64) 0.9956066251243465 (90 65) 0.9967738022422418 (90 89) 0.9965769928507506 (33 89) 0.9927699654200114 (33 90) 0.996323396738153 (32 89) 0.9922513252031058 (32 90) 0.9946717257821001]

!!! Following data used purely by 'datagen': keep in file to allow easy editing

! X-coordinates of nodes
datagen_x_coords: [603 569 433 395 200 152 21 32 41 748 756 739 747 732 737 591 554 408 365 708 687 363 321 63 96 20 21 143 105 679 709 769 775 506 462 295 320 19 668 637 159 205 412 460 524 568 443 518 265 202 72 75 90 94 203 219 334 322 529 518 677 671 674 674 680 673 399 443 550 586 614 649 335 297 137 115 88 87 158 184 616 636 346 368 479 513 616 640 719 723 343 281 506 563 ]

! Y-coordinates of nodes
datagen_y_coords: [25 14 16 26 21 28 217 365 410 190 236 263 299 415 442 472 474 476 465 88 60 48 29 112 75 259 310 477 457 137 159 335 379 487 483 422 444 177 456 474 79 69 82 65 67 74 157 167 166 196 187 234 346 396 328 363 225 296 277 327 195 232 274 310 388 428 412 427 422 414 101 123 101 84 115 148 274 301 411 424 164 188 387 401 442 442 430 422 341 371 358 351 226 228 ]
