!!!!!!!!!!!!!!!!!!!!!!!!!!!!!!!!!!!!!!!!!!!!!!!!!!! 
! Data set: #45
! - Auto generated dataset by Cloud Broker Datagen v0.1 
!!!!!!!!!!!!!!!!!!!!!!!!!!!!!!!!!!!!!!!!!!!!!!!!!!!

n_Customers: 40 ! number of customers
n_Services: 80 ! number of services in total
n_Providers: 4 ! number of providers
n_Nodes: 74 ! number of nodes in total (customer, internal and provider nodes)

Symmetric: true! indicates whether or not arc provided in dataset goes both ways

!!!!!!!!!!!!!!!!!!!!!!!!!!!!!!!!!!!!!!!!!!
! Customers, Services and Providers data
!!!!!!!!!!!!!!!!!!!!!!!!!!!!!!!!!!!!!!!!!!

! (c) Revenue from serving customer c
R_Revenue: [2000 1500 2000 1000 1000 1000 1000 1000 1000 1000 1000 1000 1000 1000 1000 1000 1000 1000 1000 1000 1000 1000 1000 1000 1000 1000 1000 1000 1000 1000 1000 1000 1000 1000 1000 1000 1000 1000 1000 1000 ]

! (c) Set of services for customers c
S_ServicesForCustomer:	[
 [1 2 ]
 [3 60 ]
 [4 62 ]
 [5 63 ]
 [6 ]
 [7 8 64 ]
 [9 66 ]
 [10 ]
 [11 ]
 [12 68 69 ]
 [13 14 ]
 [15 80 ]
 [16 78 79 ]
 [17 76 77 ]
 [18 ]
 [19 74 75 ]
 [20 73 ]
 [21 22 ]
 [23 ]
 [24 70 71 ]
 [25 26 ]
 [27 28 ]
 [29 30 61 ]
 [31 32 ]
 [33 34 65 ]
 [35 36 ]
 [37 38 ]
 [39 40 67 ]
 [41 42 ]
 [43 44 ]
 [45 ]
 [46 ]
 [47 48 ]
 [49 ]
 [50 51 ]
 [52 ]
 [53 72 ]
 [54 55 ]
 [56 ]
 [57 58 59 ]
]

! (s) Required maximum latency for service s [old: from customer to provider (UPLINK)]
G_LatencyReq: [180 120 100 100 100 100 100 100 100 100 100 100 100 100 100 100 100 100 100 100 100 100 100 100 100 100 100 100 100 100 100 100 100 100 100 100 100 100 100 100 100 100 100 100 100 100 100 100 100 100 100 100 100 100 100 100 100 100 100 100 100 100 100 100 100 100 100 100 100 100 100 100 100 100 100 100 100 100 100 100 ]

! NOTE: DEPRECATED - no longer used, but kept for now for compatability
! (s) Required maximum latency for service s from provider to customer (DOWNLINK)
G_LatencyReqD: [180 120 100 100 100 100 100 100 100 100 100 100 100 100 100 100 100 100 100 100 100 100 100 100 100 100 100 100 100 100 100 100 100 100 100 100 100 100 100 100 100 100 100 100 100 100 100 100 100 100 100 100 100 100 100 100 100 100 100 100 100 100 100 100 100 100 100 100 100 100 100 100 100 100 100 100 100 100 100 100 ]

! (s) Required bandwidth for service s from customer to provider (UPLINK)
B_BandwidthReqUp: [20 10 20 20 20 20 20 20 20 20 20 20 20 20 20 20 20 20 20 20 20 20 20 20 20 20 20 20 20 20 20 20 20 20 20 20 20 20 20 20 20 20 20 20 20 20 20 20 20 20 20 20 20 20 20 20 20 20 20 20 20 20 20 20 20 20 20 20 20 20 20 20 20 20 20 20 20 20 20 20 ]

! (s) Required bandwith for service s from provider to customer (DOWNLINK)
B_BandwidthReqDown: [5 10 20 20 20 20 20 20 20 20 20 20 20 20 20 20 20 20 20 20 20 20 20 20 20 20 20 20 20 20 20 20 20 20 20 20 20 20 20 20 20 20 20 20 20 20 20 20 20 20 20 20 20 20 20 20 20 20 20 20 20 20 20 20 20 20 20 20 20 20 20 20 20 20 20 20 20 20 20 20 ]

Y_AvailabilityReq: [0.99 0.95 0.99 0.99 0.99 0.99 0.99 0.95 0.99 0.99 0.99 0.99 0.99 0.95 0.99 0.99 0.99 0.99 0.99 0.99 0.99 0.95 0.99 0.99 0.95 0.95 0.95 0.95 0.95 0.95 0.95 0.95 0.95 0.95 0.95 0.95 0.95 0.95 0.95 0.95 0.95 0.95 0.95 0.95 0.95 0.95 0.95 0.95 0.95 0.95 0.95 0.95 0.95 0.95 0.95 0.95 0.95 0.95 0.95 0.95 0.95 0.95 0.95 0.95 0.95 0.95 0.95 0.95 0.95 0.95 0.95 0.95 0.95 0.95 0.95 0.95 0.95 0.95 0.95 0.95 ]

! (s, p) Price of placing service s at provider p
H_PlacePrice: [
 (1 1) 100 (1 3) 100
 (2 4) 100 (2 2) 100
 (3 2) 100
 (4 1) 100
 (5 2) 100 (5 3) 100
 (6 2) 100 (6 4) 100
 (7 1) 100 (7 3) 100
 (8 2) 100 (8 4) 100
 (9 2) 100 (9 4) 100
 (10 1) 100 (10 3) 100
 (11 2) 100 (11 4) 100
 (12 1) 100 (12 3) 100
 (13 2) 100 (13 4) 100
 (14 1) 100 (14 3) 100
 (15 1) 100 (15 3) 75
 (16 2) 100 (16 4) 100
 (17 1) 100 (17 3) 100
 (18 1) 100 (18 3) 100
 (19 2) 100 (19 4) 100
 (20 2) 100 (20 4) 100
 (21 2) 100 (21 4) 100
 (22 1) 100 (22 3) 100
 (23 1) 100 (23 3) 100
 (24 1) 100 (24 3) 100
 (25 1) 100 (25 3) 100
 (26 2) 100 (26 4) 100
 (27 1) 100 (27 2) 100
 (28 3) 75 (28 4) 75


 (31 1) 100 (31 2) 100
 (32 2) 100 (32 4) 75
 (33 1) 100 (33 2) 100
 (34 3) 75 (34 4) 75
 (35 1) 100 (35 2) 100
 (36 2) 100 (36 4) 75
 (37 3) 75 (37 1) 100
 (38 3) 75 (38 4) 75
 (39 1) 100 (39 2) 100
 (40 1) 100 (40 4) 75
 (41 1) 100 (41 2) 100
 (42 2) 100 (42 1) 100
 (43 1) 100 (43 3) 75
 (44 1) 100 (44 4) 75
 (45 1) 100 (45 2) 100
 (46 3) 75 (46 4) 75
 (47 1) 100 (47 3) 100
 (48 2) 100 (48 3) 75
 (49 1) 100 (49 4) 75
 (50 4) 75 (50 2) 100
 (51 1) 100 (51 2) 100
 (52 2) 100 (52 3) 75
 (53 3) 75 (53 4) 75
 (54 1) 100 (54 2) 100
 (55 3) 75 (55 1) 100
 (56 1) 100 (56 2) 100
 (57 1) 100 (57 4) 75
 (58 1) 100 (58 3) 75
 (59 2) 100 (59 3) 75
 (60 2) 100 (60 1) 100
 (61 1) 100 (61 3) 75
 (62 3) 75 (62 4) 75
 (63 1) 100 (63 3) 75
 (64 3) 75 (64 4) 75
 (65 1) 100 (65 2) 100
 (66 1) 100 (66 4) 75
 (67 3) 75 (67 4) 75
 (68 1) 100 (68 4) 75
 (69 1) 100 (69 3) 75
 (70 3) 75 (70 4) 75
 (71 1) 100 (71 2) 100
 (72 1) 100 (72 2) 100
 (73 2) 100 (73 1) 100
 (74 1) 100 (74 4) 75
 (75 3) 75 (75 4) 75
 (76 1) 100 (76 2) 100
 (77 3) 75 (77 4) 75
 (78 2) 75 (78 4) 75
 (79 2) 100 (79 3) 75 (79 1) 100
 (80 2) 100 (80 1) 100
]

!!!!!!!!!!!!!!!!!!!!!!!!!!!!!!!!!!!!!!!!!!!!!!!!!!
! Network data
!!!!!!!!!!!!!!!!!!!!!!!!!!!!!!!!!!!!!!!!!!!!!!!!!!

!!! Own network

! (i,j) Latency for arc between nodes i and j
T_LinkLatency: [
 (1 46) 10 (2 45) 10 (2 46) 10 (3 43) 4 (3 44) 5 (4 43) 7 (4 44) 6 (5 41) 3 (5 42) 3 (6 41) 2 (6 42) 3 (7 51) 5 (7 52) 4 (8 51) 4 (8 52) 4 (9 53) 7 (9 54) 6 (10 53) 5 (10 54) 5 (15 66) 6 (16 65) 4 (17 69) 5 (17 70) 5 (18 69) 2 (18 70) 3 (19 67) 4 (19 68) 6 (20 67) 3 (20 68) 6 (41 50) 2 (42 41) 5 (42 49) 5 (43 44) 5 (43 47) 4 (44 48) 4 (45 1) 10 (45 46) 6 (45 47) 10 (47 48) 4 (47 49) 4 (48 46) 10 (50 49) 6 (50 55) 3 (51 49) 4 (51 52) 5 (52 50) 4 (53 54) 5 (53 55) 6 (54 56) 5 (55 56) 5 (55 57) 10 (56 58) 10 (57 47) 10 (57 49) 10 (57 58) 5 (57 72) 2 (58 48) 10 (58 50) 10 (58 59) 80 (58 60) 70 (59 57) 60 (59 60) 6 (59 61) 8 (59 63) 9 (59 67) 10 (60 57) 70 (61 11) 6 (61 12) 2 (62 11) 6 (62 12) 6 (62 60) 8 (62 61) 6 (62 63) 4 (63 13) 6 (63 14) 6 (64 13) 5 (64 14) 3 (64 60) 8 (64 63) 6 (65 15) 6 (65 59) 10 (65 64) 5 (66 16) 5 (66 60) 8 (66 65) 7 (67 68) 7 (68 60) 12 (68 69) 4 (69 59) 10 (69 70) 6 (70 60) 7 (71 57) 2 (71 58) 5 (72 58) 7 (73 59) 3 (73 60) 6 (74 59) 3 (74 60) 6 (22 45) 5 (22 46) 3 (21 46) 3 (21 45) 5 (24 43) 4 (24 44) 5 (23 44) 6 (23 43) 2 (26 42) 7 (26 41) 4 (25 42) 4 (25 41) 5 (27 51) 3 (27 52) 3 (28 52) 6 (30 53) 7 (30 54) 3 (29 54) 7 (29 53) 6 (31 61) 3 (31 62) 2 (32 62) 3 (32 61) 3 (33 63) 5 (33 64) 6 (34 64) 6 (34 63) 4 (35 65) 6 (35 66) 7 (66 36) 5 (36 65) 4 (38 69) 3 (69 37) 6 (37 70) 4 (70 38) 7 (39 67) 6 (39 68) 4 (40 67) 7 (40 68) 7]

! (i,j) Bandwidth capacity between nodes i and j
F_BandwidthCap: [
 (1 46) 108 (2 45) 115 (2 46) 79 (3 43) 81 (3 44) 105 (4 43) 66 (4 44) 52 (5 41) 147 (5 42) 66 (6 41) 57 (6 42) 113 (7 51) 149 (7 52) 86 (8 51) 141 (8 52) 118 (9 53) 117 (9 54) 123 (10 53) 119 (10 54) 80 (15 66) 92 (16 65) 146 (17 69) 89 (17 70) 112 (18 69) 127 (18 70) 90 (19 67) 79 (19 68) 57 (20 67) 80 (20 68) 116 (41 50) 102 (42 41) 144 (42 49) 132 (43 44) 131 (43 47) 94 (44 48) 126 (45 1) 71 (45 46) 134 (45 47) 53 (47 48) 107 (47 49) 77 (48 46) 52 (50 49) 103 (50 55) 147 (51 49) 76 (51 52) 97 (52 50) 70 (53 54) 134 (53 55) 112 (54 56) 104 (55 56) 71 (55 57) 80 (56 58) 103 (57 47) 86 (57 49) 103 (57 58) 87 (57 72) 99 (58 48) 123 (58 50) 107 (58 59) 71 (58 60) 139 (59 57) 148 (59 60) 149 (59 61) 86 (59 63) 121 (59 67) 60 (60 57) 135 (61 11) 134 (61 12) 123 (62 11) 65 (62 12) 53 (62 60) 63 (62 61) 64 (62 63) 145 (63 13) 118 (63 14) 130 (64 13) 54 (64 14) 94 (64 60) 85 (64 63) 93 (65 15) 105 (65 59) 127 (65 64) 90 (66 16) 129 (66 60) 109 (66 65) 83 (67 68) 102 (68 60) 57 (68 69) 136 (69 59) 126 (69 70) 71 (70 60) 113 (71 57) 149 (71 58) 98 (72 58) 112 (73 59) 63 (73 60) 111 (74 59) 62 (74 60) 103 (22 45) 129 (22 46) 55 (21 46) 138 (21 45) 144 (24 43) 70 (24 44) 113 (23 44) 121 (23 43) 98 (26 42) 128 (26 41) 135 (25 42) 67 (25 41) 138 (27 51) 127 (27 52) 109 (28 52) 84 (30 53) 60 (30 54) 136 (29 54) 73 (29 53) 101 (31 61) 88 (31 62) 72 (32 62) 109 (32 61) 120 (33 63) 111 (33 64) 101 (34 64) 53 (34 63) 110 (35 65) 112 (35 66) 87 (66 36) 124 (36 65) 138 (38 69) 131 (69 37) 96 (37 70) 55 (70 38) 54 (39 67) 59 (39 68) 55 (40 67) 112 (40 68) 126]

! (i,j) Price per unit of used own capacity between node i and j
K_CapPrice: [
 (1 46) 1 (2 45) 1 (2 46) 3 (3 43) 1 (3 44) 3 (4 43) 4 (4 44) 2 (5 41) 1 (5 42) 1 (6 41) 2 (6 42) 4 (7 51) 2 (7 52) 4 (8 51) 2 (8 52) 4 (9 53) 4 (9 54) 1 (10 53) 4 (10 54) 4 (15 66) 2 (16 65) 1 (17 69) 1 (17 70) 2 (18 69) 3 (18 70) 4 (19 67) 4 (19 68) 4 (20 67) 4 (20 68) 2 (41 50) 2 (42 41) 2 (42 49) 1 (43 44) 2 (43 47) 3 (44 48) 4 (45 1) 1 (45 46) 3 (45 47) 2 (47 48) 4 (47 49) 3 (48 46) 2 (50 49) 2 (50 55) 4 (51 49) 2 (51 52) 4 (52 50) 4 (53 54) 1 (53 55) 4 (54 56) 4 (55 56) 2 (55 57) 3 (56 58) 3 (57 47) 2 (57 49) 1 (57 58) 3 (57 72) 4 (58 48) 3 (58 50) 3 (58 59) 2 (58 60) 3 (59 57) 3 (59 60) 1 (59 61) 1 (59 63) 2 (59 67) 2 (60 57) 4 (61 11) 4 (61 12) 2 (62 11) 2 (62 12) 1 (62 60) 1 (62 61) 4 (62 63) 4 (63 13) 2 (63 14) 4 (64 13) 3 (64 14) 4 (64 60) 1 (64 63) 1 (65 15) 4 (65 59) 4 (65 64) 3 (66 16) 3 (66 60) 2 (66 65) 2 (67 68) 2 (68 60) 2 (68 69) 3 (69 59) 2 (69 70) 3 (70 60) 4 (71 57) 4 (71 58) 2 (72 58) 1 (73 59) 3 (73 60) 4 (74 59) 2 (74 60) 2 (22 45) 2 (22 46) 4 (21 46) 4 (21 45) 1 (24 43) 4 (24 44) 1 (23 44) 2 (23 43) 2 (26 42) 3 (26 41) 4 (25 42) 3 (25 41) 1 (27 51) 1 (27 52) 3 (28 52) 1 (30 53) 4 (30 54) 3 (29 54) 2 (29 53) 4 (31 61) 1 (31 62) 4 (32 62) 1 (32 61) 3 (33 63) 1 (33 64) 3 (34 64) 3 (34 63) 3 (35 65) 1 (35 66) 1 (66 36) 4 (36 65) 1 (38 69) 3 (69 37) 4 (37 70) 4 (70 38) 4 (39 67) 1 (39 68) 4 (40 67) 4 (40 68) 2]

D_AvailabilityExp: [
 (1 46) 0.9943863017996774 (2 45) 0.9941015518386849 (2 46) 0.9910888524190523 (3 43) 0.9953506342321634 (3 44) 0.9957950033294037 (4 43) 0.9940407191892154 (4 44) 0.9976912179565989 (5 41) 0.9982001471193507 (5 42) 0.9947185072838328 (6 41) 0.9966108705243095 (6 42) 0.9987859375448898 (7 51) 0.9985483334818854 (7 52) 0.9994102304778062 (8 51) 0.9942682412662543 (8 52) 0.9996387930260971 (9 53) 0.998129812600091 (9 54) 0.9935115480748936 (10 53) 0.9910721955890767 (10 54) 0.9953568118973635 (15 66) 0.99215337989619 (16 65) 0.9966184756089933 (17 69) 0.9942432449106127 (17 70) 0.9919654640788212 (18 69) 0.995085270900745 (18 70) 0.9953403740166686 (19 67) 0.9961624960275367 (19 68) 0.9962999830488115 (20 67) 0.9948042217362671 (20 68) 0.9986359456041828 (41 50) 0.9967813175846822 (42 41) 0.9959537144284696 (42 49) 0.9937799111870117 (43 44) 0.9986260718526319 (43 47) 0.9988915405701846 (44 48) 0.9945632910192944 (45 1) 0.9941711255535484 (45 46) 0.9969522614660673 (45 47) 0.9973876342666336 (47 48) 0.9919823433784768 (47 49) 0.9919187279907055 (48 46) 0.9943651507049799 (50 49) 0.997739546331577 (50 55) 0.999093015762046 (51 49) 0.9949784153141081 (51 52) 0.9934560063993558 (52 50) 0.9936657265503891 (53 54) 0.9975904356176033 (53 55) 0.9984242146206088 (54 56) 0.9967606125213205 (55 56) 0.9961887799296528 (55 57) 0.9900375950452871 (56 58) 0.9985392670240253 (57 47) 0.9965077606984414 (57 49) 0.9986112105753273 (57 58) 0.9929803464957513 (57 72) 0.9982462708535604 (58 48) 0.9971436675568112 (58 50) 0.9923089511343278 (58 59) 0.9914022511639632 (58 60) 0.9998894714750349 (59 57) 0.9911074824770912 (59 60) 0.9952545697637833 (59 61) 0.9987765301275067 (59 63) 0.9942879777750931 (59 67) 0.9942101815948263 (60 57) 0.9930512241274119 (61 11) 0.9903283000574448 (61 12) 0.9941968419565819 (62 11) 0.990092533309944 (62 12) 0.9984042351460084 (62 60) 0.9987789705302567 (62 61) 0.9920503121218645 (62 63) 0.9924241275433451 (63 13) 0.9971049241744913 (63 14) 0.9906630823086016 (64 13) 0.9932576507213525 (64 14) 0.9943060350581072 (64 60) 0.9926784593448974 (64 63) 0.9916970298415981 (65 15) 0.9988543265452609 (65 59) 0.9981528248265386 (65 64) 0.9923962832381948 (66 16) 0.992975467746146 (66 60) 0.9958256507199258 (66 65) 0.9961701957811602 (67 68) 0.9986758950655349 (68 60) 0.996735417090822 (68 69) 0.9966091038752347 (69 59) 0.9906375079904682 (69 70) 0.9980522218765691 (70 60) 0.9963300557783805 (71 57) 0.9933813642826863 (71 58) 0.9943939869618044 (72 58) 0.9943264602683485 (73 59) 0.9905098368716426 (73 60) 0.9940036785509437 (74 59) 0.993062316221185 (74 60) 0.9965015373728238 (22 45) 0.9932973322644829 (22 46) 0.9952815274219029 (21 46) 0.9958656965685077 (21 45) 0.9902911040722392 (24 43) 0.9970533601869829 (24 44) 0.9907366245635785 (23 44) 0.9977568336133845 (23 43) 0.9904772420600056 (26 42) 0.9924569150595925 (26 41) 0.9950650660158135 (25 42) 0.9955938157788478 (25 41) 0.9959527163254097 (27 51) 0.9976146308286116 (27 52) 0.9989364824048244 (28 52) 0.9920903111970983 (30 53) 0.9974012222187594 (30 54) 0.9950785088050179 (29 54) 0.9976390139060095 (29 53) 0.9922033659229055 (31 61) 0.9908483260730281 (31 62) 0.994953825455159 (32 62) 0.9984159658732824 (32 61) 0.99144715083763 (33 63) 0.9997416328918188 (33 64) 0.9974463706067763 (34 64) 0.996058224583976 (34 63) 0.9978441958734765 (35 65) 0.9931362955388613 (35 66) 0.9987334880442359 (66 36) 0.9943441948364489 (36 65) 0.9956254525808618 (38 69) 0.9924887175997719 (69 37) 0.991250090484973 (37 70) 0.9922825481137261 (70 38) 0.9975071249832399 (39 67) 0.9956024335906841 (39 68) 0.9900962047604844 (40 67) 0.999130365268793 (40 68) 0.9962285999231971]

!!! Leasable network

! (i,j) Price per unit leased capacity between node i and j
L_LeasedPrice: [
]

! (i,j) Latency for leased link between nodes i and j
V_LeaseLatency: [
]

! (i,j) Capacity for leased link between nodes i and j
O_LeasedBandwidthCap:[
]

!!! Following data used purely by 'datagen': keep in file to allow easy editing

! X-coordinates of nodes
datagen_x_coords: [603 569 412 375 200 152 24 21 32 41 748 756 768 770 757 762 617 554 442 365 637 515 450 328 111 230 37 35 67 43 728 741 755 756 770 753 584 527 337 400 159 205 362 412 524 568 443 518 265 202 72 75 90 94 203 219 370 360 529 518 708 707 706 708 711 709 390 453 567 624 381 317 506 563 ]

! Y-coordinates of nodes
datagen_y_coords: [25 14 14 14 21 28 176 217 365 410 190 236 313 338 393 423 472 474 473 465 45 13 23 23 46 28 144 249 436 328 162 257 283 364 455 481 480 460 447 476 79 69 71 69 67 74 157 167 166 196 187 234 346 396 328 363 265 321 277 327 183 228 298 347 391 449 437 441 439 439 382 377 226 228 ]
